7.086417	8.061417	22
8.034333	8.428083	62
8.392667	8.832250	63
8.621833	9.394750	46
8.713500	9.367667	53
8.753083	9.330167	56
8.823917	9.301000	62
8.826000	9.357250	65
9.684333	10.696833	67
9.692667	10.580167	63
9.696833	10.905167	51
9.709333	10.753083	55
10.640583	10.996833	65
10.946833	11.076000	63
11.263500	13.113500	44
11.369750	13.161417	51
11.423917	13.117667	56
11.530167	12.396833	59
12.069750	12.726000	63
12.359333	12.688500	65
12.678083	12.921833	67
12.894750	13.017667	63
13.284333	14.142667	68
13.838500	14.101000	56
13.861417	14.186417	53
14.090583	14.444750	67
14.361417	14.544750	51
14.367667	14.678083	55
14.388500	15.580167	65
14.919750	16.219750	50
15.515583	15.903083	67
15.517667	16.078083	53
15.788500	16.784333	69
16.115583	16.676000	57
16.682250	18.069750	62
16.726000	17.623917	71
16.757250	18.021833	55
17.538500	17.930167	69
17.836417	18.415583	67
18.328083	19.088500	53
18.415583	18.701000	65
18.640583	18.869750	57
18.655167	18.953083	69
18.926000	19.169750	60
18.928083	19.244750	72
19.176000	19.451000	57
19.188500	19.507250	69
19.488500	19.769750	65
19.496833	19.763500	60
19.751000	20.055167	69
20.057250	20.698917	71
20.067667	21.048917	62
20.076000	21.017667	55
20.082250	20.776000	67
20.669750	21.265583	65
21.213500	21.482250	64
21.478083	21.857250	62
21.736417	22.382250	55
21.744750	22.517667	48
21.811417	22.651000	64
22.342667	22.746833	60
22.371833	22.794750	52
22.598917	22.963500	65
22.886417	23.098917	67
23.115583	24.109333	49
23.361417	24.161417	57
23.457250	24.292667	61
23.509333	24.326000	67
24.332250	24.646833	65
24.603083	25.144750	64
24.930167	25.184333	26
25.034333	25.242667	38
25.128083	25.417667	62
25.144750	25.459333	65
25.671833	25.913500	62
25.680167	25.926000	65
25.680167	26.051000	50
25.901000	26.207250	67
25.911417	26.073917	57
26.159333	26.365583	69
26.167667	26.223917	53
26.503083	27.288500	59
26.615583	27.132250	62
26.626000	27.226000	53
26.626000	27.934333	43
26.676000	27.428083	69
27.159333	27.619750	50
27.419750	27.794750	67
27.676000	27.909333	53
27.709333	28.959333	65
28.513500	29.042667	45
28.815583	29.055167	52
29.065583	29.228083	57
29.067667	29.373917	64
29.330167	29.617667	65
29.596833	29.784333	67
29.942667	30.263500	62
30.003083	30.298917	65
30.003083	31.182250	50
30.082250	30.742667	57
30.126000	30.376000	69
30.603083	31.176000	71
30.607250	31.340583	53
31.136417	31.290583	72
31.184333	31.284333	62
31.717667	32.094750	46
31.778083	33.061417	76
32.209333	32.717667	53
32.461417	32.709333	62
32.684333	32.805167	56
32.907250	33.242667	65
33.126000	33.482250	43
33.211417	34.448917	74
33.657250	34.155167	53
33.884333	34.355167	55
34.165583	34.292667	62
34.386417	34.780167	65
34.644750	35.971833	48
34.728083	35.246833	72
35.163500	35.884333	52
35.444750	35.886417	60
35.684333	35.967667	64
35.946833	36.188500	55
36.269750	36.640583	52
36.832250	37.457250	48
36.842667	38.511417	60
37.365583	37.480167	52
37.996833	38.646833	38
38.536417	38.776000	45
38.576000	38.665583	65
38.815583	38.961417	65
38.846833	38.911417	50
39.073917	39.271833	65
39.134333	39.298917	53
39.359333	39.584333	57
39.361417	39.648917	62
39.609333	39.686417	53
39.626000	39.869750	64
39.855167	40.226000	65
40.098917	41.809333	43
40.182250	40.721833	62
40.680167	41.009333	50
40.932250	41.734333	53
41.178083	41.848917	55
41.701000	41.809333	50
41.723917	42.563500	59
42.388500	43.186417	48
42.857250	43.076000	52
42.884333	42.959333	64
43.123917	43.236417	64
43.171833	43.240583	55
43.371833	43.876000	64
43.582250	43.751000	55
43.830167	44.192667	62
44.063500	44.313500	47
44.128083	44.419750	64
44.359333	45.623917	45
44.386417	45.128083	60
44.848917	45.151000	52
45.101000	45.394750	57
45.367667	45.626000	52
45.819750	45.888500	48
46.323917	47.567667	41
46.782250	47.209333	48
46.826000	46.911417	60
47.046833	47.121833	60
47.273917	47.521833	60
47.323917	47.605167	53
47.515583	47.828083	57
47.776000	48.026000	58
47.998917	48.259333	60
48.121833	48.307250	34
48.198917	48.348917	46
48.226000	48.511417	58
48.271833	50.182250	62
48.738500	49.111417	46
49.176000	49.407250	53
49.626000	49.688500	50
50.059333	50.680167	40
50.526000	50.734333	62
50.534333	50.751000	47
50.751000	51.011417	64
50.805167	50.878083	52
51.021833	51.394750	65
51.038500	51.082250	56
51.248917	51.505167	64
51.292667	51.398917	59
51.480167	51.780167	62
51.734333	52.063500	65
51.946833	52.578083	45
52.028083	52.859333	64
52.467667	52.596833	52
52.682250	52.771833	57
52.936417	53.215583	59
53.165583	53.503083	60
53.423917	53.707250	64
53.911417	55.023917	53
54.428083	54.580167	76
54.451000	54.686417	57
54.665583	54.790583	69
54.713500	54.965583	60
54.938500	55.169750	72
55.178083	55.342667	69
55.186417	55.371833	65
55.448917	55.678083	60
55.688500	55.755167	57
55.740583	56.332250	79
55.955167	57.201000	55
56.238500	56.532250	59
56.242667	58.092667	74
56.513500	56.717667	62
56.763500	57.034333	67
57.028083	57.261417	62
57.267667	57.453083	59
57.496833	57.682250	55
57.755167	57.805167	59
58.021833	58.446833	52
58.282250	58.484333	59
58.519750	58.628083	64
58.532250	58.767667	79
58.773917	59.059333	81
58.778083	58.988500	67
59.038500	59.330167	83
59.044750	59.307250	71
59.280167	59.634333	81
59.288500	59.473917	67
59.526000	59.663500	64
59.557250	59.873917	79
59.815583	60.378083	77
60.044750	61.455167	57
60.298917	62.257250	76
60.317667	60.542667	60
60.546833	60.771833	64
60.773917	61.305167	60
61.044750	61.388500	69
61.565583	61.744750	64
62.098917	62.882250	58
62.373917	62.709333	62
62.630167	62.776000	76
62.671833	62.934333	65
62.926000	62.992667	72
63.171833	63.734333	72
63.430167	63.694750	65
63.682250	64.042667	74
63.726000	64.140583	62
63.994750	64.348917	76
64.284333	66.765583	74
64.809333	65.476000	58
66.190583	66.628083	52
66.486417	66.707250	59
66.734333	67.032250	76
66.751000	66.859333	64
66.986417	67.296833	77
67.005167	67.169750	68
67.248917	67.565583	76
67.253083	67.417667	71
67.492667	67.573917	68
67.503083	67.790583	74
67.786417	68.082250	72
68.084333	68.640583	71
68.098917	68.217667	69
68.332250	69.080167	57
68.617667	68.811417	60
68.626000	70.844750	69
68.865583	69.063500	64
69.096833	69.215583	60
69.342667	69.567667	64
69.594750	69.771833	60
69.844750	70.067667	64
70.086417	70.298917	60
70.378083	71.226000	55
70.632250	70.790583	60
70.884333	71.092667	64
70.905167	71.046833	76
71.148917	71.382250	60
71.157250	71.440583	76
71.405167	71.601000	64
71.415583	71.580167	81
71.651000	71.792667	69
71.661417	71.823917	81
71.886417	72.046833	64
71.919750	72.155167	81
72.173917	72.234333	60
72.176000	72.744750	79
72.444750	72.905167	53
72.688500	75.188500	81
72.698917	72.932250	60
72.948917	73.078083	65
73.207250	73.390583	69
73.469750	73.667667	72
73.969750	74.078083	69
73.969750	74.084333	65
74.530167	74.965583	53
74.786417	74.986417	60
75.038500	75.146833	65
75.290583	75.534333	69
75.578083	76.098917	76
75.586417	75.784333	72
75.803083	75.992667	69
76.061417	76.134333	65
76.084333	76.342667	81
76.344750	77.153083	79
76.592667	76.857250	52
76.836417	77.028083	60
77.088500	77.215583	67
77.107250	78.248917	76
77.363500	77.663500	64
77.648917	77.857250	67
77.890583	78.003083	64
78.144750	78.205167	67
78.163500	79.444750	72
78.669750	78.867667	52
78.915583	79.071833	60
79.161417	79.255167	67
79.423917	79.657250	64
79.559333	79.840583	72
79.609333	79.759333	76
79.667667	79.913500	67
79.692667	79.967667	81
79.934333	80.117667	79
79.936417	80.236417	64
80.226000	80.434333	67
80.240583	80.492667	77
80.501000	80.588500	64
80.513500	81.173917	79
80.880167	81.394750	50
81.159333	81.353083	81
81.171833	81.428083	57
81.436417	81.542667	62
81.442667	83.684333	81
81.682250	81.851000	65
81.917667	82.213500	69
82.182250	82.415583	62
82.415583	82.565583	74
82.663500	82.723917	65
82.946833	83.226000	50
83.190583	83.363500	57
83.426000	83.517667	65
83.682250	84.205167	62
83.940583	84.286417	81
83.948917	84.192667	69
84.190583	84.578083	65
84.215583	84.767667	83
84.486417	84.590583	74
84.734333	84.778083	69
84.936417	85.384333	79
84.988500	85.138500	83
85.059333	85.417667	88
85.073917	86.259333	48
85.361417	85.742667	55
85.630167	86.196833	59
85.867667	86.192667	62
86.134333	86.455167	64
86.392667	86.707250	59
86.651000	86.988500	67
86.661417	86.917667	62
86.936417	87.113500	59
86.982250	87.069750	55
87.105167	87.413500	62
87.109333	87.448917	64
87.159333	87.494750	67
87.201000	87.517667	71
87.201000	88.367667	48
87.476000	87.763500	55
87.761417	88.048917	59
87.971833	88.132250	88
88.063500	88.151000	55
88.242667	88.488500	88
88.259333	88.459333	59
88.496833	88.665583	55
88.496833	88.819750	86
88.784333	88.898917	48
88.784333	89.113500	88
89.051000	89.671833	83
89.307250	89.611417	45
89.576000	90.284333	84
89.584333	89.744750	52
89.832250	89.930167	60
90.069750	91.048917	57
90.313500	90.567667	64
90.565583	90.815583	60
90.815583	90.936417	71
90.815583	90.984333	83
90.846833	90.998917	69
91.086417	91.159333	64
91.344750	91.817667	84
91.346833	91.765583	72
91.590583	92.053083	45
91.840583	92.069750	52
92.073917	92.190583	57
92.340583	92.765583	60
92.344750	92.601000	88
92.348917	92.523917	83
92.584333	92.736417	69
92.592667	92.896833	86
92.834333	92.894750	64
92.865583	93.169750	88
93.121833	93.694750	83
93.340583	93.682250	41
93.607250	93.778083	48
93.619750	94.059333	84
93.846833	93.973917	57
94.103083	94.971833	53
94.346833	94.536417	76
94.357250	94.476000	60
94.357250	94.490583	64
94.578083	94.803083	57
94.826000	94.871833	65
94.830167	94.909333	77
95.071833	95.257250	60
95.298917	95.426000	69
95.298917	95.465583	81
95.342667	95.926000	53
95.538500	95.809333	60
95.784333	95.838500	71
95.786417	95.863500	83
95.790583	95.923917	57
96.028083	96.171833	84
96.034333	96.080167	72
96.265583	96.538500	60
96.505167	96.796833	57
96.767667	97.011417	53
96.786417	97.076000	84
97.046833	97.115583	57
97.076000	97.351000	86
97.398917	97.951000	34
97.459333	97.709333	86
97.823917	98.013500	46
98.065583	98.217667	53
98.282250	98.478083	57
98.405167	98.498917	62
98.482250	98.667667	65
98.596833	98.798917	69
98.698917	98.773917	74
98.790583	98.901000	77
98.842667	98.973917	81
98.948917	98.998917	86
99.073917	99.194750	89
99.167667	99.244750	98
100.836417	101.434333	84
101.373917	102.248917	28
101.419750	101.728083	86
101.432250	101.767667	77
101.438500	101.773917	80
101.907250	102.288500	40
102.201000	102.384333	50
102.419750	102.636417	53
102.571833	102.644750	59
102.653083	102.876000	62
102.786417	102.919750	65
102.882250	102.959333	71
102.944750	103.028083	74
102.996833	103.119750	77
103.080167	103.138500	83
103.142667	103.203083	74
103.176000	103.305167	77
103.276000	103.336417	83
103.278083	103.365583	86
103.346833	103.409333	95
103.346833	103.415583	89
103.942667	104.209333	93
104.215583	104.401000	92
104.398917	104.526000	89
104.505167	104.594750	88
104.623917	104.763500	86
104.713500	104.863500	84
104.878083	104.932250	81
104.882250	104.946833	83
105.028083	105.234333	80
105.240583	105.367667	79
105.240583	105.476000	77
105.457250	105.613500	76
105.615583	105.771833	74
105.753083	105.871833	72
105.853083	105.965583	71
105.955167	106.048917	69
106.078083	106.213500	68
106.201000	106.328083	65
106.303083	106.403083	64
106.403083	106.515583	62
106.507250	106.613500	60
106.582250	106.682250	59
106.678083	106.828083	57
106.794750	106.973917	56
106.936417	107.090583	53
107.057250	107.184333	52
107.171833	107.336417	50
107.294750	107.423917	48
107.405167	107.528083	47
107.515583	107.634333	45
107.630167	107.776000	44
107.763500	107.888500	41
107.855167	107.971833	40
107.967667	108.071833	38
108.082250	108.190583	36
108.180167	108.248917	35
108.307250	109.323917	33
109.063500	109.626000	52
109.067667	109.659333	60
109.073917	109.507250	48
110.138500	110.271833	60
110.148917	110.236417	52
110.405167	111.055167	40
110.469750	111.103083	45
110.478083	110.786417	60
110.492667	110.694750	52
110.507250	111.003083	48
110.776000	111.146833	57
111.096833	111.363500	58
111.359333	111.626000	60
111.434333	111.826000	34
111.540583	111.830167	41
111.580167	111.898917	46
111.615583	112.009333	53
111.642667	112.044750	58
111.692667	112.071833	62
112.240583	112.373917	46
112.311417	112.403083	50
112.353083	112.436417	53
112.396833	112.451000	58
112.446833	112.484333	65
112.446833	112.542667	74
112.451000	112.496833	70
112.734333	112.876000	58
112.861417	112.921833	65
112.880167	112.930167	62
112.886417	112.976000	70
112.930167	112.973917	86
112.934333	112.967667	82
112.942667	112.990583	77
113.236417	113.573917	70
113.330167	113.536417	74
113.369750	113.569750	82
113.369750	113.676000	77
113.401000	113.471833	98
113.409333	113.446833	92
113.413500	113.457250	89
114.292667	114.367667	58
114.296833	114.359333	46
114.303083	114.390583	74
114.315583	114.361417	68
114.319750	114.380167	65
114.459333	114.538500	68
114.461417	114.523917	65
114.469750	114.515583	58
114.469750	114.530167	74
114.476000	114.532250	46
114.596833	114.694750	58
114.603083	114.717667	46
114.611417	114.782250	74
114.613500	114.734333	65
114.613500	114.734333	68
114.873917	115.005167	45
114.878083	114.948917	57
114.892667	115.084333	74
114.894750	115.073917	68
114.905167	115.057250	65
115.346833	116.346833	43
115.434333	116.363500	55
115.582250	116.015583	74
115.598917	116.105167	62
115.607250	116.159333	65
115.613500	115.659333	72
116.119750	116.271833	72
116.259333	116.376000	71
116.344750	116.448917	65
116.407250	116.507250	50
116.448917	116.498917	62
116.555167	116.605167	43
116.644750	116.705167	59
116.690583	116.780167	53
116.761417	116.871833	43
116.844750	116.892667	38
116.884333	116.976000	31
117.213500	117.373917	50
117.294750	117.465583	53
117.401000	117.521833	59
117.521833	117.651000	62
117.580167	117.717667	65
117.705167	117.763500	71
117.744750	117.853083	74
117.798917	117.923917	77
117.915583	117.967667	83
117.934333	118.151000	74
118.001000	118.213500	77
118.090583	118.171833	86
118.109333	118.194750	83
118.163500	118.207250	98
118.855167	119.171833	96
119.207250	119.359333	95
119.388500	119.448917	96
119.482250	119.530167	95
119.548917	119.596833	96
119.626000	119.676000	95
119.701000	119.744750	96
119.830167	119.905167	96
119.905167	120.084333	95
120.069750	120.288500	93
120.271833	120.528083	95
120.453083	120.903083	76
120.546833	120.723917	96
120.732250	120.967667	79
120.869750	121.026000	84
120.980167	121.096833	88
121.080167	121.211417	91
121.161417	121.294750	96
121.265583	121.359333	75
121.351000	121.546833	79
121.442667	121.584333	84
121.515583	121.651000	87
121.611417	121.751000	91
121.676000	121.778083	96
121.751000	121.898917	74
121.838500	122.023917	79
121.936417	122.040583	84
121.990583	122.151000	86
122.078083	122.182250	91
122.142667	122.236417	96
122.215583	122.378083	73
122.373917	122.598917	77
122.478083	122.601000	84
122.511417	122.663500	85
122.594750	122.721833	89
122.648917	122.692667	92
122.678083	122.717667	96
122.851000	123.046833	72
122.944750	123.119750	76
123.036417	123.207250	79
123.084333	123.286417	84
123.098917	123.159333	83
123.144750	123.332250	88
123.186417	123.373917	91
123.246833	123.813500	95
124.369750	124.701000	64
124.611417	124.832250	67
124.738500	124.846833	72
124.857250	125.038500	76
124.932250	125.101000	79
125.019750	125.169750	84
125.082250	125.221833	63
125.180167	125.328083	67
125.251000	125.344750	72
125.332250	125.478083	75
125.423917	125.561417	79
125.505167	125.596833	84
125.523917	125.734333	62
125.638500	125.805167	65
125.682250	125.853083	69
125.742667	125.859333	72
125.782250	125.932250	74
125.861417	125.973917	79
125.915583	126.019750	84
126.023917	126.201000	61
126.103083	126.286417	65
126.198917	126.453083	68
126.303083	126.398917	72
126.332250	126.505167	73
126.426000	126.586417	77
126.488500	126.611417	80
126.546833	126.663500	84
126.771833	127.090583	60
126.976000	127.232250	64
127.040583	127.292667	67
127.138500	127.280167	71
127.228083	127.596833	72
127.292667	127.582250	76
127.367667	127.632250	79
127.511417	127.821833	83
127.882250	128.284333	52
128.144750	128.346833	55
128.271833	128.463500	60
128.369750	128.546833	64
128.453083	128.611417	67
128.521833	128.659333	72
128.578083	128.765583	51
128.711417	128.917667	55
128.836417	129.011417	60
128.917667	129.076000	63
129.003083	129.146833	67
129.092667	129.223917	72
129.144750	129.321833	50
129.232250	129.413500	55
129.328083	129.417667	60
129.396833	129.580167	62
129.476000	129.611417	67
129.555167	129.663500	72
129.632250	129.821833	49
129.784333	129.890583	52
129.826000	129.948917	60
129.853083	129.953083	53
129.907250	130.080167	61
130.003083	130.165583	65
130.051000	130.192667	68
130.128083	130.257250	72
130.278083	130.548917	48
130.407250	130.646833	52
130.492667	130.707250	55
130.565583	130.671833	59
130.680167	131.088500	60
130.744750	130.961417	64
130.811417	131.057250	67
130.930167	131.205167	71
131.155167	131.526000	33
131.453083	131.567667	45
131.613500	131.801000	48
131.694750	131.884333	52
131.776000	131.909333	55
131.842667	131.890583	59
131.926000	132.157250	60
132.023917	132.309333	64
132.107250	132.353083	67
132.178083	132.378083	71
132.253083	132.436417	72
132.307250	132.492667	76
132.415583	132.482250	79
132.434333	132.498917	81
132.448917	132.730167	83
132.646833	132.805167	81
132.730167	132.867667	79
132.821833	132.913500	76
132.921833	132.957250	72
133.023917	133.140583	69
133.117667	133.255167	67
133.203083	133.301000	64
133.317667	133.365583	60
133.409333	133.513500	57
133.507250	133.592667	55
133.517667	133.571833	53
133.571833	133.682250	52
133.588500	133.648917	50
133.671833	134.405167	48
133.792667	133.876000	45
133.807250	133.892667	33
134.092667	134.182250	31
134.101000	134.171833	43
134.359333	135.390583	29
134.365583	135.321833	41
134.623917	134.719750	48
134.690583	134.823917	52
134.765583	134.878083	55
134.834333	134.884333	57
134.953083	134.994750	60
135.028083	135.169750	64
135.111417	135.211417	67
135.209333	135.265583	69
135.280167	135.365583	72
135.359333	135.465583	76
135.436417	135.496833	79
135.492667	135.538500	81
135.582250	135.703083	84
135.651000	135.755167	88
135.723917	135.765583	93
135.728083	135.782250	91
135.734333	142.186417	29
135.740583	142.051000	41
136.346833	136.532250	96
136.357250	136.546833	93
136.590583	136.730167	91
136.596833	136.701000	95
136.701000	136.751000	93
136.723917	136.836417	89
136.863500	136.959333	91
136.869750	136.992667	88
136.965583	137.019750	89
137.009333	137.096833	86
137.130167	137.230167	88
137.134333	137.253083	84
137.242667	137.288500	86
137.257250	137.390583	83
137.382250	137.526000	81
137.392667	137.507250	84
137.501000	137.563500	83
137.521833	137.657250	79
137.659333	137.809333	77
137.684333	137.803083	81
137.792667	137.894750	79
137.819750	137.976000	76
137.978083	138.178083	74
137.986417	138.151000	77
138.163500	138.228083	76
138.182250	138.336417	72
138.413500	138.621833	74
138.428083	138.619750	71
138.746833	138.915583	69
138.886417	139.015583	72
139.023917	139.130167	67
139.101000	139.198917	71
139.221833	139.273917	67
139.253083	139.359333	65
139.330167	139.463500	69
139.448917	139.523917	64
139.536417	139.601000	65
139.542667	139.592667	67
139.613500	139.751000	64
139.769750	139.842667	67
139.769750	139.842667	65
139.853083	140.019750	62
140.032250	140.201000	65
140.298917	140.507250	60
140.509333	140.619750	64
140.661417	140.788500	59
140.773917	140.890583	62
140.896833	140.971833	57
141.048917	141.109333	60
141.057250	141.113500	59
141.103083	141.219750	55
141.234333	141.303083	57
141.238500	141.288500	59
141.317667	141.432250	53
141.444750	141.573917	55
141.528083	141.663500	52
141.626000	141.723917	53
141.730167	141.823917	50
141.844750	141.996833	52
141.967667	142.107250	48
142.078083	142.159333	50
142.207250	142.265583	47
142.211417	142.257250	45
142.290583	142.440583	48
142.386417	142.511417	45
142.469750	142.567667	47
142.569750	142.640583	43
142.678083	142.803083	45
142.763500	142.873917	41
142.838500	142.884333	43
142.903083	142.978083	40
143.009333	143.105167	41
143.067667	143.138500	38
143.163500	144.026000	24
143.176000	144.042667	36
143.888500	143.923917	40
143.898917	143.932250	43
143.898917	143.980167	48
143.917667	143.957250	47
144.571833	145.178083	48
144.669750	145.155167	52
144.698917	145.209333	55
144.755167	145.169750	60
144.780167	145.292667	72
144.784333	145.303083	67
144.790583	145.226000	64
