6.020083	6.107583	75
6.565917	6.626333	32
6.640917	6.772167	75
7.134667	7.343000	68
7.157583	7.240917	51
7.393000	7.522167	56
7.405500	7.478417	72
7.582583	7.740917	60
7.590917	7.763833	63
7.730500	7.807583	56
7.743000	7.922167	68
7.855500	7.936750	51
7.890917	7.976333	72
8.015917	8.068000	44
8.015917	8.201333	75
8.186750	8.343000	68
8.261750	8.405500	56
8.309667	8.382583	72
8.424250	8.547167	60
8.424250	8.620083	63
8.528417	8.599250	56
8.563833	8.736750	68
8.634667	8.782583	51
8.668000	8.828417	72
8.774250	8.822167	44
8.797167	8.990917	75
8.880500	8.955500	51
8.915917	9.065917	68
8.949250	9.088833	56
9.026333	9.155500	72
9.138833	9.215917	60
9.138833	9.268000	63
9.199250	9.278417	56
9.243000	9.468000	68
9.326333	9.440917	51
9.353417	9.528417	72
9.478417	9.524250	44
9.488833	9.632583	77
9.665917	9.801333	68
9.670083	9.743000	51
9.703417	9.847167	56
9.778417	9.845083	72
9.870083	9.988833	60
9.884667	10.040917	63
9.968000	10.080500	56
9.982583	10.153417	68
10.074250	10.224250	51
10.093000	10.228417	72
10.207583	10.399250	75
10.222167	10.272167	44
10.307583	10.440917	51
10.322167	10.455500	68
10.390917	10.559667	56
10.420083	10.565917	72
10.549250	10.749250	63
10.561750	10.690917	60
10.645083	10.763833	56
10.690917	10.876333	68
10.774250	10.915917	51
10.809667	11.047167	72
10.984667	11.211750	44
11.030500	11.334667	75
11.263833	11.438833	70
11.268000	11.368000	51
11.384667	11.490917	73
11.399250	11.465917	55
11.518000	11.613833	61
11.518000	11.682583	63
11.611750	11.822167	70
11.649250	11.743000	55
11.707583	11.788833	51
11.720083	11.859667	73
11.834667	12.049250	75
11.843000	11.884667	44
11.965917	12.120083	70
11.993000	12.090917	51
12.059667	12.134667	55
12.078417	12.157583	73
12.172167	12.320083	63
12.178417	12.288833	61
12.284667	12.509667	70
12.361750	12.532583	51
12.376333	12.561750	73
12.524250	12.688833	77
12.528417	12.599250	44
12.638833	12.809667	70
12.674250	12.749250	51
12.724250	12.818000	55
12.755500	12.828417	73
12.851333	13.032583	63
12.857583	12.951333	61
12.936750	13.149250	70
12.976333	13.065917	55
13.034667	13.176333	73
13.036750	13.134667	51
13.132583	13.180500	44
13.145083	13.328417	75
13.247167	13.397167	70
13.297167	13.386750	51
13.340917	13.418000	55
13.357583	13.443000	73
13.434667	13.647167	63
13.449250	13.570083	61
13.561750	13.759667	70
13.684667	13.770083	51
13.686750	13.753417	73
13.947167	14.193000	44
14.018000	14.070083	82
14.249250	14.426333	72
14.280500	14.353417	51
14.399250	14.463833	56
14.405500	14.515917	75
14.534667	14.655500	60
14.540917	14.676333	63
14.647167	14.703417	56
14.655500	14.840917	72
14.724250	14.834667	51
14.751333	14.803417	75
14.851333	14.951333	44
14.888833	14.959667	80
14.980500	15.040917	51
15.009667	15.157583	72
15.015917	15.157583	56
15.124250	15.184667	75
15.188833	15.280500	60
15.226333	15.380500	63
15.276333	15.418000	56
15.330500	15.582583	72
15.380500	15.524250	51
15.415917	15.526333	75
15.572167	15.707583	44
15.597167	15.649250	80
15.740917	15.905500	72
15.751333	15.851333	52
15.826333	15.920083	75
15.843000	15.980500	56
15.880500	15.961750	76
15.959667	16.065917	64
15.984667	16.072167	60
16.061750	16.147167	56
16.080500	16.307583	72
16.170083	16.257583	76
16.180500	16.263833	52
16.311750	16.424250	44
16.336750	16.380500	80
16.463833	16.628417	72
16.478417	16.565917	52
16.555500	16.688833	56
16.563833	16.690917	76
16.707583	16.836750	64
16.722167	16.859667	60
16.828417	17.034667	56
16.857583	17.084667	72
17.022167	17.163833	52
17.061750	17.130500	76
17.447167	17.601333	37
17.520083	17.849250	80
17.897167	18.045083	73
18.065917	18.203417	61
18.078417	18.172167	77
18.207583	18.361750	68
18.236750	18.322167	65
18.303417	18.430500	61
18.336750	18.488833	73
18.430500	18.557583	56
18.461750	18.615917	77
18.582583	18.626333	49
18.586750	18.795083	80
18.695083	18.768000	56
18.715917	18.859667	73
18.784667	18.922167	61
18.824250	18.976333	77
18.930500	19.126333	68
18.936750	19.032583	65
19.007583	19.084667	61
19.063833	19.261750	73
19.090917	19.257583	56
19.153417	19.309667	77
19.253417	19.303417	49
19.272167	19.472167	80
19.349250	19.411750	56
19.382583	19.565917	73
19.420083	19.570083	61
19.490917	19.632583	77
19.590917	19.676333	65
19.605500	19.772167	68
19.670083	19.745083	61
19.738833	19.884667	73
19.738833	19.905500	56
19.818000	19.997167	77
19.951333	20.072167	49
19.974250	20.107583	82
20.118000	20.247167	73
20.124250	20.243000	55
20.230500	20.357583	77
20.234667	20.372167	61
20.355500	20.470083	67
20.382583	20.499250	65
20.486750	20.736750	73
20.524250	20.674250	61
20.645083	20.843000	77
20.649250	20.847167	55
20.980500	21.234667	48
21.040917	21.140917	84
21.340917	21.461750	72
21.343000	21.449250	55
21.465917	21.645083	76
21.480500	21.565917	60
21.597167	21.784667	67
21.618000	21.749250	64
21.728417	21.872167	72
21.732583	21.838833	60
21.818000	21.988833	76
21.834667	21.955500	55
21.947167	22.095083	48
21.965917	22.197167	79
22.086750	22.168000	55
22.109667	22.249250	72
22.153417	22.299250	60
22.215917	22.351333	76
22.295083	22.478417	67
22.313833	22.434667	64
22.420083	22.493000	60
22.438833	22.620083	72
22.490917	22.636750	55
22.538833	22.663833	76
22.607583	22.726333	48
22.643000	22.880500	79
22.738833	22.847167	55
22.786750	22.928417	72
22.828417	22.970083	60
22.884667	23.020083	76
22.980500	23.151333	67
22.988833	23.076333	64
23.113833	23.276333	72
23.176333	23.253417	55
23.213833	23.345083	76
23.336750	23.570083	79
23.345083	23.445083	48
23.490917	23.645083	72
23.497167	23.605500	55
23.584667	23.703417	60
23.605500	23.728417	76
23.722167	23.947167	67
23.743000	23.815917	64
23.853417	23.961750	60
23.882583	24.134667	72
24.009667	24.082583	55
24.068000	24.236750	76
24.436750	24.886750	43
24.551333	24.932583	79
24.803417	24.893000	71
24.940917	25.130500	50
24.947167	25.124250	76
25.095083	25.172167	55
25.136750	25.326333	67
25.249250	25.322167	59
25.284667	25.470083	71
25.349250	25.418000	55
25.401333	25.563833	76
25.413833	25.574250	50
25.568000	25.778417	79
25.599250	25.724250	43
25.738833	25.878417	71
25.749250	25.903417	50
25.863833	26.022167	74
25.874250	26.028417	55
26.024250	26.222167	67
26.061750	26.149250	59
26.165917	26.278417	55
26.180500	26.361750	71
26.278417	26.411750	74
26.278417	26.432583	50
26.403417	26.576333	79
26.432583	26.545083	43
26.549250	26.651333	71
26.576333	26.768000	50
26.674250	26.836750	77
26.693000	26.828417	55
26.843000	27.024250	67
26.857583	26.949250	62
26.957583	27.113833	55
26.972167	27.151333	71
27.078417	27.236750	77
27.101333	27.253417	50
27.215917	27.468000	79
27.240917	27.370083	43
27.338833	27.511750	71
27.382583	27.570083	50
27.461750	27.632583	76
27.486750	27.618000	55
27.590917	27.807583	67
27.634667	27.743000	59
27.711750	27.861750	55
27.736750	27.947167	71
27.870083	27.943000	50
27.878417	27.959667	76
28.170083	28.593000	36
28.272167	28.361750	72
28.603417	28.776333	43
28.609667	28.743000	65
28.740917	28.843000	67
28.753417	28.876333	48
28.845083	29.036750	60
28.913833	28.993000	55
28.972167	29.138833	65
28.999250	29.128417	48
29.063833	29.238833	67
29.099250	29.276333	43
29.197167	29.480500	72
29.253417	29.405500	36
29.378417	29.563833	64
29.388833	29.599250	43
29.522167	29.678417	48
29.530500	29.665917	67
29.647167	29.840917	60
29.703417	29.776333	55
29.772167	29.922167	48
29.797167	29.978417	64
29.876333	30.032583	43
29.905500	30.036750	67
30.011750	30.282583	72
30.072167	30.232583	36
30.188833	30.386750	62
30.255500	30.399250	43
30.353417	30.484667	48
30.363833	30.505500	67
30.524250	30.588833	59
30.524250	30.672167	60
30.615917	30.740917	48
30.624250	30.772167	62
30.734667	30.863833	43
30.734667	30.870083	67
30.813833	31.113833	72
30.868000	31.020083	36
30.974250	31.122167	64
30.997167	31.145083	43
31.097167	31.301333	48
31.103417	31.278417	67
31.236750	31.303417	64
31.282583	31.463833	60
31.290917	31.390917	55
31.403417	31.588833	48
31.453417	31.634667	64
31.568000	31.674250	43
31.597167	31.728417	67
31.863833	32.113833	40
31.968000	32.211750	72
32.153417	32.315917	67
32.184667	32.320083	48
32.297167	32.376333	70
32.386750	32.561750	60
32.411750	32.534667	58
32.503417	32.686750	67
32.580500	32.655500	48
32.601333	32.740917	70
32.722167	32.980500	72
32.761750	32.859667	40
32.884667	33.036750	67
32.936750	33.084667	48
32.999250	33.072167	70
33.078417	33.261750	60
33.128417	33.226333	58
33.215917	33.438833	67
33.313833	33.474250	70
33.334667	33.409667	48
33.522167	33.632583	40
33.536750	33.705500	73
33.711750	33.872167	67
33.718000	33.911750	48
33.859667	33.930500	70
33.928417	34.063833	61
33.949250	34.061750	58
34.061750	34.276333	67
34.176333	34.338833	70
34.309667	34.513833	72
34.318000	34.440917	40
34.459667	34.622167	67
34.549250	34.693000	48
34.561750	34.680500	70
34.688833	34.901333	60
34.763833	34.843000	58
34.843000	35.063833	67
34.957583	35.043000	48
34.995083	35.218000	70
35.143000	35.418000	72
35.147167	35.303417	41
35.303417	35.478417	65
35.365917	35.511750	48
35.428417	35.505500	70
35.518000	35.686750	60
35.524250	35.659667	58
35.638833	35.830500	65
35.720083	35.918000	70
35.745083	35.818000	48
35.886750	36.036750	74
35.888833	35.997167	41
36.026333	36.193000	65
36.068000	36.224250	48
36.103417	36.238833	70
36.226333	36.415917	60
36.249250	36.393000	56
36.353417	36.503417	65
36.426333	36.534667	70
36.461750	36.545083	48
36.584667	36.740917	41
36.613833	36.657583	76
36.786750	36.970083	48
36.797167	36.907583	68
36.905500	36.999250	72
36.959667	37.101333	55
37.009667	37.153417	60
37.113833	37.301333	68
37.134667	37.190917	48
37.240917	37.334667	72
37.426333	38.684667	41
37.780500	37.990917	77
38.143000	38.415917	48
38.163833	38.334667	68
38.351333	38.468000	72
38.459667	38.659667	53
38.488833	38.615917	60
38.701333	38.943000	68
38.732583	38.972167	48
38.911750	38.957583	72
39.157583	39.295083	43
39.251333	39.426333	75
39.486750	39.665917	70
39.626333	39.693000	73
39.703417	39.893000	61
39.734667	39.913833	63
39.878417	40.038833	70
39.878417	40.055500	51
39.988833	40.070083	73
40.099250	40.230500	43
40.136750	40.313833	75
40.278417	40.476333	51
40.282583	40.436750	70
40.384667	40.465917	73
40.497167	40.659667	63
40.501333	40.647167	61
40.643000	40.872167	70
40.665917	40.836750	51
40.726333	40.859667	73
40.913833	41.049250	43
40.938833	41.070083	77
41.065917	41.220083	70
41.099250	41.259667	51
41.203417	41.272167	73
41.320083	41.503417	63
41.326333	41.451333	61
41.461750	41.674250	51
41.476333	41.647167	70
41.547167	41.718000	73
41.695083	41.803417	43
41.705500	41.918000	75
41.840917	42.043000	51
41.863833	42.020083	70
41.976333	42.053417	73
42.082583	42.218000	61
42.086750	42.274250	63
42.228417	42.426333	70
42.261750	42.368000	51
42.338833	42.418000	73
42.470083	42.609667	44
42.490917	42.693000	75
42.634667	42.734667	68
42.661750	42.834667	51
42.743000	42.849250	72
42.836750	42.999250	63
42.849250	42.988833	60
42.961750	43.155500	68
42.990917	43.168000	51
43.068000	43.249250	72
43.190917	43.315917	44
43.197167	43.363833	77
43.338833	43.522167	68
43.349250	43.526333	51
43.453417	43.543000	72
43.534667	43.674250	58
43.572167	43.713833	63
43.682583	43.880500	68
43.697167	43.807583	51
43.788833	43.982583	72
43.936750	44.374250	44
43.951333	44.053417	79
43.968000	44.032583	77
44.059667	44.213833	68
44.172167	44.315917	72
44.297167	44.449250	63
44.355500	44.488833	56
44.434667	44.597167	68
44.534667	44.599250	51
44.543000	44.597167	72
44.728417	45.138833	44
44.747167	44.780500	80
45.005500	45.209667	51
45.028417	45.147167	69
45.151333	45.301333	72
45.257583	45.426333	63
45.259667	45.401333	56
45.405500	45.622167	68
45.422167	45.611750	51
45.588833	45.626333	72
45.624250	45.670083	44
45.930500	46.151333	39
46.038833	46.403417	79
46.313833	46.495083	72
46.349250	46.524250	55
46.451333	46.555500	75
46.518000	46.749250	67
46.543000	46.709667	60
46.643000	46.807583	55
46.655500	46.832583	72
46.718000	46.874250	75
46.784667	47.053417	48
46.815917	47.078417	79
46.928417	47.118000	72
46.940917	47.084667	55
47.038833	47.174250	75
47.065917	47.211750	60
47.101333	47.318000	67
47.161750	47.309667	55
47.213833	47.430500	72
47.274250	47.336750	48
47.282583	47.451333	75
47.476333	47.568000	43
47.486750	47.655500	80
47.755500	47.922167	71
47.815917	47.909667	52
47.840917	47.980500	74
47.978417	48.043000	65
47.978417	48.226333	67
48.001333	48.138833	60
48.101333	48.293000	71
48.140917	48.215917	57
48.203417	48.370083	74
48.238833	48.476333	52
48.307583	48.638833	77
48.430500	48.597167	57
48.432583	48.655500	71
48.580500	48.713833	74
48.601333	48.801333	60
48.645083	48.974250	67
48.726333	48.930500	57
48.805500	49.043000	71
48.909667	49.038833	52
48.993000	49.063833	74
49.455500	50.378417	48
49.636750	49.832583	77
49.953417	50.101333	52
50.036750	50.136750	69
50.090917	50.220083	55
50.247167	50.418000	60
50.272167	50.334667	62
50.295083	50.399250	64
50.345083	50.515917	55
50.368000	50.540917	67
50.449250	50.578417	52
50.482583	50.626333	72
50.588833	50.836750	76
50.588833	51.038833	48
50.713833	50.876333	67
50.765917	50.911750	52
50.853417	50.932583	55
50.863833	50.930500	72
50.893000	51.176333	64
50.945083	51.149250	60
51.051333	51.288833	67
51.086750	51.249250	52
51.126333	51.220083	55
51.143000	51.338833	72
51.318000	51.643000	48
51.340917	51.536750	74
51.559667	51.680500	53
51.665917	51.815917	56
51.684667	51.786750	71
51.765917	51.978417	64
51.813833	52.020083	60
51.874250	52.078417	68
51.920083	51.984667	56
51.988833	52.176333	71
51.997167	52.118000	53
52.134667	52.345083	48
52.143000	52.315917	74
52.265917	52.443000	68
52.295083	52.401333	53
52.338833	52.499250	56
52.424250	52.665917	64
52.480500	52.647167	60
52.530500	52.790917	68
52.636750	52.722167	56
52.643000	52.870083	71
52.645083	52.763833	53
52.793000	53.034667	48
52.830500	52.986750	77
52.970083	53.147167	68
52.974250	53.130500	53
53.063833	53.205500	56
53.082583	53.203417	71
53.178417	53.376333	64
53.213833	53.376333	60
53.257583	53.455500	68
53.303417	53.499250	56
53.355500	53.513833	71
53.407583	53.499250	53
53.474250	53.688833	76
53.493000	53.684667	48
53.595083	53.751333	68
53.634667	53.799250	53
53.695083	53.843000	71
53.705500	54.122167	56
53.807583	54.072167	64
53.855500	53.986750	60
53.915917	54.155500	68
54.040917	54.203417	53
54.059667	54.324250	71
54.228417	54.911750	48
54.351333	54.672167	76
54.547167	54.753417	68
54.557583	54.684667	52
54.668000	54.818000	56
54.678417	54.847167	72
54.824250	55.055500	64
54.834667	55.036750	60
54.903417	55.086750	56
54.924250	55.130500	68
55.003417	55.128417	52
55.020083	55.186750	72
55.130500	55.372167	48
55.149250	55.428417	76
55.272167	55.438833	52
55.278417	55.459667	68
55.351333	55.501333	56
55.390917	55.563833	72
55.486750	55.880500	64
55.488833	55.697167	60
55.582583	55.730500	56
55.599250	55.857583	68
55.651333	55.838833	52
55.745083	56.253417	72
56.132583	56.318000	36
56.253417	56.761750	76
56.576333	56.730500	52
56.590917	56.795083	67
56.724250	56.786750	57
56.747167	56.836750	72
56.843000	57.086750	64
56.911750	56.990917	62
56.911750	57.090917	60
56.980500	57.186750	67
57.061750	57.209667	52
57.099250	57.255500	72
57.213833	57.470083	48
57.224250	57.532583	76
57.390917	57.624250	67
57.393000	57.559667	52
57.493000	57.645083	55
57.513833	57.645083	72
57.618000	57.828417	60
57.628417	57.945083	64
57.747167	57.905500	52
57.776333	57.976333	67
57.880500	58.101333	72
58.028417	58.355500	48
58.101333	58.301333	74
58.243000	58.322167	52
58.247167	58.428417	67
58.334667	58.422167	57
58.368000	58.443000	72
58.438833	58.622167	64
58.470083	58.670083	60
58.559667	58.776333	67
58.561750	58.738833	57
58.620083	58.793000	52
58.672167	58.745083	72
58.815917	59.061750	48
58.838833	59.053417	71
58.955500	59.065917	52
59.032583	59.140917	67
59.034667	59.140917	57
59.122167	59.340917	64
59.180500	59.345083	60
59.257583	59.507583	67
59.259667	59.349250	57
59.303417	59.495083	52
59.407583	59.659667	71
59.447167	59.593000	48
59.618000	59.943000	72
59.828417	60.638833	45
59.957583	60.103417	71
60.215917	60.353417	52
60.276333	60.426333	60
60.386750	60.522167	64
60.407583	60.538833	57
60.495083	60.661750	69
60.549250	60.647167	52
60.649250	60.772167	60
60.661750	60.845083	57
60.699250	60.865917	64
60.797167	60.884667	52
60.861750	61.020083	67
60.882583	60.945083	65
60.911750	61.365917	45
61.038833	61.195083	64
61.082583	61.193000	52
61.182583	61.395083	60
61.238833	61.403417	57
61.336750	61.480500	64
61.374250	61.574250	52
61.436750	61.588833	69
61.638833	61.824250	57
61.682583	61.968000	60
61.807583	62.032583	52
61.834667	62.082583	64
62.022167	62.528417	45
62.057583	62.236750	72
62.261750	62.372167	64
62.261750	62.422167	52
62.386750	62.618000	60
62.449250	62.620083	57
62.530500	62.705500	64
62.582583	62.682583	52
62.695083	62.747167	67
62.899250	63.201333	67
62.901333	63.140917	45
63.097167	63.270083	52
63.168000	63.313833	64
63.284667	63.449250	57
63.328417	63.578417	60
63.405500	63.647167	52
63.524250	63.807583	64
63.580500	63.743000	45
63.772167	63.949250	67
64.130500	64.380500	29
64.305500	64.393000	67
64.678417	64.836750	57
64.809667	64.945083	60
64.903417	65.022167	53
64.928417	65.070083	65
65.026333	65.215917	48
65.072167	65.190917	60
65.184667	65.386750	57
65.288833	65.388833	53
65.482583	65.661750	64
65.499250	65.705500	41
65.682583	65.809667	48
65.745083	65.809667	60
65.811750	65.972167	57
65.847167	65.961750	53
65.922167	66.072167	48
65.951333	66.015917	60
66.015917	66.113833	41
66.015917	66.168000	65
66.153417	66.253417	60
66.255500	66.449250	57
66.382583	66.578417	60
66.457583	66.647167	29
66.534667	66.763833	67
66.765917	66.861750	60
66.886750	67.007583	57
66.901333	67.013833	48
66.970083	67.076333	60
67.055500	67.224250	65
67.068000	67.259667	53
67.195083	67.284667	60
67.201333	67.370083	48
67.288833	67.465917	57
67.418000	67.561750	60
67.428417	67.647167	41
67.530500	67.705500	64
67.603417	67.736750	48
67.647167	67.768000	60
67.755500	67.922167	57
67.765917	67.884667	53
67.843000	67.986750	48
67.857583	68.034667	60
67.934667	68.065917	41
67.988833	68.224250	65
68.136750	68.313833	60
68.320083	68.501333	57
68.445083	68.659667	29
68.555500	68.820083	63
68.863833	68.976333	60
68.999250	69.143000	57
69.080500	69.184667	60
69.132583	69.322167	53
69.147167	69.324250	62
69.286750	69.440917	60
69.347167	69.463833	48
69.413833	69.613833	57
69.486750	69.643000	53
69.599250	69.730500	48
69.624250	69.907583	60
69.724250	70.190917	41
69.953417	70.124250	48
69.957583	70.147167	57
70.136750	70.268000	53
70.253417	70.388833	48
70.282583	70.395083	60
70.343000	70.570083	62
70.574250	70.736750	53
70.615917	70.818000	57
70.753417	70.918000	48
70.778417	70.963833	60
70.920083	71.178417	63
70.924250	71.232583	41
71.124250	71.282583	60
71.155500	71.305500	48
71.286750	71.451333	57
71.345083	71.478417	53
71.418000	71.565917	60
71.480500	71.651333	48
71.534667	71.707583	62
71.670083	71.797167	60
71.776333	71.940917	53
71.795083	71.943000	57
71.947167	72.057583	60
72.020083	72.124250	48
72.176333	72.659667	41
72.207583	72.382583	60
72.376333	72.484667	57
72.505500	72.695083	53
72.668000	72.813833	57
72.872167	73.063833	62
72.918000	72.997167	48
73.070083	73.328417	57
73.151333	73.345083	48
73.305500	73.722167	53
73.349250	73.580500	41
73.599250	73.668000	48
73.630500	74.086750	57
73.957583	74.647167	36
74.093000	74.426333	64
74.349250	74.493000	55
74.399250	74.497167	43
74.530500	74.738833	52
74.593000	74.722167	48
74.670083	74.849250	55
74.699250	74.845083	43
74.818000	74.988833	62
74.872167	75.032583	36
74.938833	75.086750	55
74.999250	75.070083	43
75.101333	75.270083	52
75.113833	75.272167	48
75.205500	75.376333	55
75.230500	75.343000	43
75.338833	75.534667	60
75.357583	75.576333	36
75.493000	75.651333	55
75.534667	75.645083	43
75.647167	75.818000	52
75.680500	75.857583	48
75.761750	75.930500	55
75.807583	75.928417	43
75.913833	76.061750	59
75.978417	76.080500	36
76.057583	76.201333	55
76.232583	76.405500	52
76.274250	76.415917	48
76.384667	76.561750	55
76.401333	76.534667	43
76.563833	76.728417	60
76.570083	76.805500	36
76.734667	76.870083	55
76.772167	76.918000	43
76.886750	77.057583	52
76.959667	77.105500	48
77.022167	77.157583	55
77.032583	77.193000	43
77.134667	77.297167	62
77.195083	77.332583	36
77.284667	77.445083	55
77.311750	77.440917	43
77.443000	77.655500	52
77.453417	77.611750	48
77.545083	77.765917	43
77.582583	77.774250	55
77.749250	77.940917	64
77.753417	78.065917	36
77.915917	78.086750	55
77.930500	78.097167	43
78.078417	78.278417	52
78.157583	78.336750	48
78.257583	78.299250	55
78.355500	78.513833	43
78.547167	78.886750	36
78.565917	78.822167	67
78.784667	78.938833	60
78.801333	78.936750	43
78.953417	79.093000	48
78.963833	79.238833	55
79.178417	79.247167	43
79.195083	79.705500	60
79.609667	79.897167	28
79.732583	80.234667	67
80.215917	80.357583	59
80.228417	80.368000	47
80.372167	80.597167	55
80.428417	80.643000	50
80.547167	80.695083	59
80.590917	80.707583	47
80.697167	80.878417	62
80.720083	80.899250	40
80.834667	80.978417	59
80.857583	80.984667	47
80.982583	81.161750	55
80.995083	81.197167	50
81.088833	81.299250	59
81.122167	81.288833	47
81.222167	81.384667	62
81.288833	81.547167	40
81.313833	81.538833	67
81.478417	81.655500	59
81.488833	81.657583	47
81.659667	81.863833	55
81.672167	81.905500	50
81.805500	81.926333	59
81.826333	82.005500	62
81.963833	82.159667	40
81.993000	82.090917	71
82.163833	82.303417	62
82.186750	82.330500	47
82.357583	82.549250	55
82.359667	82.549250	50
82.497167	82.651333	47
82.515917	82.605500	59
82.580500	82.697167	62
82.670083	82.949250	40
82.686750	82.882583	67
82.832583	82.990917	59
82.880500	83.028417	47
83.055500	83.215917	55
83.057583	83.230500	50
83.193000	83.282583	59
83.218000	83.322167	47
83.324250	83.499250	62
83.359667	83.590917	40
83.522167	83.622167	59
83.559667	83.701333	47
83.649250	83.843000	55
83.753417	83.884667	50
83.818000	83.957583	59
84.015917	84.399250	40
84.018000	84.095083	65
84.340917	84.551333	47
84.378417	84.543000	59
84.590917	84.724250	55
84.601333	84.761750	50
84.720083	84.901333	59
84.759667	84.970083	47
84.870083	85.061750	64
84.978417	85.178417	40
85.105500	85.301333	59
85.168000	85.311750	47
85.280500	85.613833	55
85.547167	85.722167	59
85.749250	86.015917	33
85.895083	86.170083	64
86.143000	86.268000	55
86.305500	86.482583	52
86.451333	86.601333	55
86.482583	86.628417	48
86.590917	86.757583	60
86.615917	86.697167	43
86.736750	86.882583	55
86.738833	86.911750	40
86.886750	87.074250	52
86.924250	86.999250	43
87.007583	87.172167	55
87.038833	87.197167	48
87.184667	87.311750	59
87.230500	87.393000	40
87.324250	87.470083	55
87.411750	87.488833	43
87.493000	87.701333	52
87.538833	87.713833	48
87.657583	87.807583	55
87.715917	87.822167	43
87.803417	87.924250	40
87.803417	87.980500	60
87.993000	88.136750	55
88.122167	88.363833	52
88.286750	88.486750	55
88.411750	88.549250	60
88.490917	88.743000	33
88.597167	88.747167	64
88.855500	88.943000	55
88.988833	89.205500	52
89.151333	89.303417	55
89.303417	89.480500	60
89.474250	89.636750	55
89.628417	89.847167	52
89.803417	89.972167	55
89.995083	90.174250	59
90.013833	91.030500	40
90.022167	90.963833	43
90.030500	90.959667	48
90.168000	90.315917	55
90.318000	90.572167	52
90.503417	90.705500	55
90.674250	90.922167	60
90.882583	91.107583	55
91.090917	91.386750	52
91.347167	91.624250	55
91.597167	93.484667	41
91.603417	93.434667	29
91.693000	91.974250	60
91.955500	92.101333	57
92.122167	92.303417	53
92.213833	92.368000	57
92.340917	92.522167	60
92.474250	92.615917	57
92.601333	92.788833	53
92.701333	92.859667	57
92.807583	92.961750	60
92.920083	93.065917	57
93.055500	93.207583	53
93.161750	93.334667	57
93.307583	93.484667	60
93.474250	93.638833	57
93.640917	93.895083	53
93.818000	94.011750	57
93.940917	97.099250	29
94.097167	97.151333	41
94.190917	94.445083	60
94.461750	94.603417	56
94.688833	94.884667	53
94.859667	94.995083	56
95.003417	95.193000	60
95.222167	95.376333	56
95.386750	95.720083	53
95.595083	95.786750	56
95.784667	96.007583	62
95.982583	96.145083	56
96.155500	96.384667	53
96.338833	96.445083	56
96.563833	96.763833	60
96.761750	96.968000	56
97.005500	97.307583	53
97.282583	97.718000	56
97.690917	102.795083	36
97.699250	102.807583	48
97.763833	98.032583	60
97.997167	98.136750	55
98.140917	98.374250	52
98.299250	98.445083	55
98.434667	98.603417	60
98.599250	98.745083	55
98.730500	98.878417	50
98.897167	99.053417	55
99.051333	99.188833	60
99.199250	99.334667	55
99.324250	99.461750	52
99.482583	99.634667	55
99.663833	99.751333	60
99.670083	99.743000	59
99.807583	99.980500	55
99.959667	100.161750	53
100.136750	100.297167	55
100.286750	100.461750	60
100.455500	100.599250	55
100.582583	100.761750	52
100.734667	100.909667	55
100.882583	101.068000	60
101.055500	101.209667	55
101.236750	101.503417	50
101.455500	101.695083	55
101.682583	101.859667	60
101.878417	102.088833	55
102.076333	102.459667	52
102.322167	102.609667	55
102.588833	102.930500	60
102.888833	103.349250	55
103.268000	103.943000	36
103.701333	103.999250	43
103.938833	104.011750	48
104.149250	104.309667	52
104.290917	104.518000	55
104.409667	104.574250	60
104.628417	104.872167	64
104.780500	104.999250	67
104.915917	105.022167	72
105.059667	105.290917	76
105.215917	105.413833	79
105.347167	105.509667	84
105.524250	105.770083	60
105.665917	105.853417	67
105.818000	105.903417	72
105.890917	106.051333	76
105.978417	106.128417	79
106.099250	106.168000	84
106.209667	106.370083	72
106.301333	106.465917	76
106.382583	106.905500	79
106.515917	107.622167	84
106.590917	106.745083	88
106.680500	106.901333	91
106.830500	107.265917	95
107.247167	107.295083	96
107.784667	108.345083	72
107.857583	108.301333	76
107.974250	108.278417	88
107.997167	108.259667	84
108.020083	108.424250	96
108.065917	108.413833	100
108.834667	109.632583	67
108.945083	109.545083	74
109.043000	109.476333	79
109.086750	109.605500	83
109.178417	109.743000	86
109.245083	109.805500	91
109.365917	109.803417	95
110.145083	110.401333	60
110.445083	110.711750	67
110.636750	110.840917	72
110.757583	110.880500	76
110.857583	111.074250	84
110.922167	111.101333	88
110.982583	111.151333	91
111.076333	111.326333	96
