2.461320	2.536320	69
2.467570	2.557153	81
2.802986	2.840486	71
2.802986	2.892570	83
2.959236	3.119653	45
2.996736	3.157153	49
3.073820	3.180070	52
3.121736	3.163403	57
3.127986	3.165486	73
3.130070	3.219653	85
3.444653	3.511320	57
3.713403	3.777986	57
3.715486	3.805070	69
3.721736	3.815486	81
3.971736	4.102986	57
3.996736	4.042570	71
3.996736	4.090486	83
4.150903	4.284236	45
4.167570	4.315486	49
4.252986	4.321736	57
4.261320	4.313403	52
4.290486	4.323820	85
4.300903	4.338403	73
4.538403	4.596736	71
4.538403	4.627986	83
4.557153	4.602986	57
4.792570	4.850903	69
4.796736	4.869653	81
4.796736	4.871736	57
5.021736	5.065486	57
5.050903	5.088403	80
5.055070	5.090486	68
5.275903	5.390486	50
5.288403	5.432153	38
5.302986	5.411320	78
5.309236	5.361320	66
5.319653	5.375903	42
5.521736	5.609236	50
5.540486	5.588403	80
5.540486	5.598820	38
5.546736	5.582153	68
5.571736	5.621736	42
5.584236	5.655070	45
5.759236	5.844653	39
5.767570	5.838403	42
5.786320	5.865486	45
5.794653	5.884236	81
5.796736	5.842570	69
5.855070	5.909236	51
6.052986	6.140486	83
6.057153	6.102986	71
6.059236	6.109236	51
6.286320	6.388403	52
6.288403	6.415486	44
6.298820	6.334236	80
6.300903	6.334236	68
6.311320	6.369653	47
6.532153	6.573820	64
6.532153	6.623820	76
6.550903	6.600903	52
6.555070	6.638403	44
6.577986	6.642570	40
6.775903	6.863403	40
6.786320	6.844653	52
6.790486	6.844653	44
6.790486	6.861320	81
6.796736	6.834236	69
6.805070	6.863403	47
7.038403	7.077986	52
7.042570	7.086320	44
7.048820	7.117570	71
7.048820	7.144653	83
7.230070	7.380070	45
7.280070	7.377986	49
7.296736	7.386320	57
7.330070	7.382153	52
7.334236	7.369653	73
7.336320	7.375903	85
7.596736	7.705070	57
7.842570	7.898820	57
7.855070	7.898820	69
7.859236	7.927986	81
8.077986	8.188403	57
8.096736	8.140486	71
8.100903	8.190486	83
8.267570	8.380070	45
8.296736	8.384236	49
8.338403	8.386320	52
8.350903	8.394653	57
8.363403	8.402986	85
8.369653	8.407153	73
8.600903	8.648820	57
8.600903	8.667570	83
8.605070	8.644653	71
8.630070	8.696736	55
8.817570	8.898820	57
8.840486	8.890486	69
8.840486	8.913403	81
9.042570	9.098820	57
9.084236	9.119653	80
9.094653	9.127986	68
9.292570	9.400903	50
9.302986	9.446736	38
9.321736	9.392570	78
9.325903	9.371736	66
9.334236	9.394653	42
9.359236	9.413403	45
9.571736	9.655070	50
9.584236	9.669653	83
9.596736	9.630070	71
9.800903	9.907153	40
9.840486	9.884236	44
9.852986	9.932153	52
9.855070	9.898820	80
9.857153	9.890486	68
9.882153	9.946736	47
10.117570	10.152986	64
10.117570	10.169653	76
10.327986	10.446736	45
10.357153	10.507153	49
10.423820	10.505070	52
10.427986	10.502986	57
10.459236	10.721736	69
10.461320	10.869653	81
10.750903	10.846736	57
11.021736	11.098820	57
11.055070	11.105070	69
11.055070	11.142570	81
11.296736	11.384236	57
11.321736	11.388403	83
11.334236	11.396736	71
11.507153	11.584236	45
11.569653	11.636320	49
11.573820	11.615486	57
11.575903	11.609236	85
11.586320	11.630070	73
11.586320	11.636320	52
11.844653	11.890486	57
12.084236	12.132153	57
12.094653	12.144653	69
12.094653	12.186320	81
12.332153	12.402986	57
12.334236	12.423820	83
12.340486	12.384236	71
12.515486	12.602986	45
12.546736	12.617570	49
12.580070	12.646736	57
12.594653	12.648820	52
12.602986	12.642570	85
12.623820	12.673820	73
12.836320	12.888403	83
12.840486	12.886320	71
12.840486	12.888403	57
13.067570	13.111320	57
13.080070	13.125903	81
13.080070	13.125903	69
13.267570	13.321736	57
13.305070	13.344653	80
13.311320	13.344653	68
13.513403	13.590486	50
13.525903	13.580070	38
13.536320	13.580070	66
13.536320	13.594653	78
13.582153	13.625903	42
13.761320	13.830070	50
13.771736	13.807153	68
13.771736	13.811320	80
14.002986	14.075903	81
14.009236	14.050903	69
14.025903	14.073820	49
14.234236	14.311320	51
14.252986	14.313403	83
14.257153	14.300903	71
14.465486	14.561320	52
14.469653	14.584236	40
14.488403	14.536320	44
14.496736	14.536320	80
14.505070	14.540486	68
14.732153	14.767570	64
14.732153	14.775903	52
14.732153	14.775903	76
14.971736	15.015486	52
14.980070	15.040486	81
14.988403	15.027986	69
15.190486	15.236320	52
15.221736	15.263403	71
15.221736	15.311320	83
15.371736	15.490486	45
15.407153	15.511320	57
15.417570	15.475903	49
15.446736	15.513403	52
15.450903	15.482153	85
15.455070	15.490486	73
15.700903	15.763403	57
15.921736	15.975903	57
15.923820	15.973820	69
15.938403	15.998820	81
16.161320	16.244653	57
16.169653	16.236320	83
16.171736	16.209236	71
16.327986	16.448820	45
16.357153	16.432153	49
16.398820	16.459236	52
16.405070	16.482153	57
16.434236	16.469653	85
16.440486	16.477986	73
16.642570	16.696736	57
16.659236	16.705070	71
16.659236	16.711320	83
16.873820	16.915486	57
16.888403	16.925903	69
16.892570	16.936320	81
17.084236	17.123820	57
17.107153	17.144653	68
17.107153	17.152986	80
17.323820	17.407153	38
17.332153	17.386320	50
17.334236	17.371736	66
17.334236	17.377986	78
17.388403	17.452986	42
17.565486	17.613403	83
17.567570	17.602986	71
17.569653	17.613403	50
17.759236	17.809236	52
17.775903	17.842570	40
17.780070	17.832153	44
17.798820	17.830070	68
17.798820	17.834236	80
18.011320	18.050903	52
18.030070	18.067570	64
18.030070	18.094653	76
18.240486	18.446736	45
18.273820	18.446736	49
18.292570	18.436320	57
18.309236	18.465486	81
18.311320	18.413403	69
18.596736	18.659236	57
18.865486	18.930070	57
18.880070	19.009236	85
19.000903	19.163403	86
19.115486	19.255070	85
19.130070	19.173820	57
19.261320	19.386320	83
19.400903	19.465486	81
19.413403	19.486320	54
19.530070	19.640486	83
19.661320	19.763403	81
19.696736	19.738403	61
19.711320	19.765486	57
19.763403	19.923820	80
19.909236	20.111320	78
19.942570	19.996736	61
19.963403	20.027986	57
20.040486	20.186320	81
20.159236	20.232153	61
20.159236	20.338403	80
20.188403	20.255070	57
20.307153	20.419653	78
20.423820	20.567570	56
20.423820	20.582153	77
20.530070	20.711320	78
20.655070	20.809236	80
20.671736	20.721736	61
20.709236	20.769653	59
20.817570	20.898820	77
20.923820	21.113403	73
20.977986	21.044653	61
21.063403	21.300903	75
21.186320	21.240486	61
21.207153	21.261320	59
21.225903	21.307153	77
21.325903	21.388403	73
21.421736	21.517570	78
21.448820	21.538403	54
21.561320	21.700903	77
21.682153	21.825903	78
21.700903	21.755070	61
21.715486	21.777986	57
21.813403	21.932153	80
21.925903	22.061320	81
21.967570	22.048820	57
21.971736	22.023820	61
22.065486	22.188403	80
22.184236	22.300903	61
22.211320	22.317570	81
22.330070	22.482153	83
22.432153	22.721736	53
22.465486	22.615486	85
22.609236	22.752986	84
22.711320	22.763403	61
22.715486	22.765486	56
22.738403	22.865486	85
22.869653	23.030070	84
22.988403	23.115486	85
22.994653	23.052986	56
22.998820	23.050903	61
23.125903	23.257153	86
23.134236	23.190486	88
23.234236	23.400903	85
23.240486	23.284236	56
23.244653	23.288403	61
23.377986	23.500903	83
23.496736	23.613403	81
23.509236	23.775903	54
23.632153	23.784236	83
23.767570	23.898820	81
23.773820	23.825903	61
23.792570	23.844653	57
23.875903	24.009236	80
24.000903	24.192570	78
24.055070	24.113403	61
24.057153	24.121736	57
24.136320	24.300903	81
24.261320	24.427986	80
24.267570	24.321736	61
24.386320	24.494653	78
24.480070	24.780070	56
24.511320	24.667570	76
24.617570	24.836320	78
24.738403	24.794653	61
24.750903	24.811320	64
24.757153	24.867570	80
24.873820	24.986320	76
25.011320	25.188403	73
25.019653	25.073820	61
25.032153	25.088403	64
25.125903	25.344653	75
25.280070	25.338403	61
25.282153	25.469653	76
25.284236	25.342570	64
25.423820	25.594653	73
25.582153	25.898820	75
25.602986	25.932153	56
25.738403	25.871736	76
25.871736	26.063403	78
25.927986	25.988403	66
25.944653	25.996736	63
25.998820	26.161320	75
26.127986	26.300903	72
26.190486	26.242570	66
26.219653	26.288403	63
26.261320	26.425903	73
26.392570	26.609236	75
26.398820	26.469653	63
26.400903	26.457153	66
26.550903	26.775903	72
26.723820	27.152986	61
26.727986	27.063403	64
26.740486	26.936320	73
27.265486	27.375903	85
27.388403	27.517570	86
27.480070	27.638403	85
27.611320	27.715486	83
27.725903	27.802986	81
27.767570	28.015486	54
27.855070	27.969653	83
27.965486	28.080070	81
28.005070	28.052986	61
28.027986	28.082153	57
28.080070	28.202986	80
28.200903	28.421736	78
28.280070	28.348820	57
28.284236	28.336320	61
28.336320	28.507153	81
28.473820	28.636320	80
28.490486	28.550903	61
28.625903	28.736320	78
28.723820	29.021736	56
28.734236	28.861320	77
28.821736	29.007153	78
28.950903	29.063403	80
28.967570	29.019653	61
28.973820	29.034236	59
29.086320	29.182153	77
29.194653	29.373820	73
29.240486	29.296736	61
29.240486	29.302986	59
29.309236	29.546736	75
29.455070	29.567570	77
29.488403	29.538403	59
29.496736	29.542570	61
29.561320	29.663403	73
29.669653	29.780070	78
29.711320	29.944653	54
29.815486	29.952986	77
29.923820	30.069653	78
29.959236	30.013403	61
29.973820	30.030070	57
30.052986	30.144653	80
30.161320	30.311320	81
30.202986	30.282153	57
30.209236	30.261320	61
30.300903	30.421736	80
30.446736	30.567570	81
30.452986	30.559236	61
30.559236	30.684236	83
30.680070	30.823820	85
30.700903	30.969653	53
30.821736	30.948820	84
30.940486	31.067570	85
30.965486	31.015486	61
30.965486	31.040486	56
31.061320	31.238403	84
31.194653	31.334236	85
31.221736	31.334236	56
31.232153	31.288403	61
31.327986	31.492570	86
31.461320	31.515486	56
31.461320	31.617570	85
31.473820	31.523820	61
31.602986	31.734236	83
31.715486	31.940486	54
31.727986	31.838403	81
31.852986	31.992570	83
31.971736	32.019653	61
31.980070	32.034236	57
31.994653	32.107153	81
32.084236	32.213403	80
32.207153	32.392570	78
32.244653	32.305070	61
32.244653	32.361320	57
32.340486	32.511320	81
32.463403	32.523820	61
32.467570	32.640486	80
32.602986	32.709236	78
32.694653	32.988403	56
32.709236	32.863403	76
32.796736	33.017570	78
32.930070	33.069653	80
32.948820	33.007153	61
32.952986	33.011320	64
33.073820	33.171736	76
33.194653	33.384236	73
33.225903	33.284236	61
33.236320	33.294653	64
33.317570	33.511320	75
33.444653	33.619653	76
33.452986	33.505070	61
33.457153	33.507153	64
33.565486	33.717570	73
33.705070	34.017570	56
33.705070	34.030070	75
33.827986	33.977986	76
33.973820	34.163403	78
33.980070	34.036320	66
33.990486	34.040486	63
34.109236	34.261320	75
34.244653	34.388403	72
34.273820	34.334236	66
34.286320	34.340486	63
34.377986	34.521736	73
34.500903	34.698820	75
34.544653	34.607153	66
34.565486	34.621736	63
34.709236	35.025903	72
34.930070	35.459236	61
34.936320	35.271736	64
34.938403	35.300903	73
35.500903	35.686320	76
35.627986	35.805070	74
35.744653	35.915486	73
35.869653	35.990486	71
35.973820	36.302986	57
35.986320	36.115486	69
36.092570	36.246736	71
36.223820	36.294653	73
36.238403	36.294653	64
36.240486	36.298820	61
36.365486	36.507153	74
36.490486	36.688403	76
36.513403	36.573820	61
36.527986	36.584236	64
36.598820	36.857153	78
36.723820	36.890486	80
36.738403	36.815486	64
36.738403	36.823820	61
36.882153	36.938403	81
37.011320	37.280070	59
37.015486	37.127986	81
37.069653	37.273820	80
37.209236	37.386320	78
37.311320	37.371736	64
37.315486	37.377986	62
37.340486	37.427986	76
37.496736	37.615486	76
37.515486	37.623820	56
37.625903	37.761320	74
37.742570	37.890486	73
37.750903	37.798820	62
37.761320	37.807153	64
37.890486	37.996736	71
38.007153	38.161320	69
38.007153	38.259236	57
38.140486	38.309236	71
38.259236	38.396736	73
38.275903	38.323820	64
38.275903	38.327986	61
38.425903	38.617570	74
38.557153	38.652986	61
38.575903	38.636320	64
38.582153	38.800903	76
38.723820	39.048820	78
38.865486	39.111320	80
38.884236	38.986320	61
38.890486	38.938403	64
39.063403	39.148820	81
39.213403	39.627986	52
39.265486	39.590486	82
39.569653	39.617570	83
39.580070	39.627986	56
39.580070	39.632153	62
39.877986	40.109236	76
39.884236	39.950903	62
39.890486	39.932153	56
40.032153	40.198820	74
40.159236	40.207153	56
40.161320	40.309236	73
40.165486	40.215486	62
40.294653	40.419653	71
40.430070	40.575903	69
40.440486	40.757153	57
40.546736	40.715486	71
40.680070	40.790486	73
40.709236	40.765486	64
40.713403	40.763403	61
40.834236	40.977986	74
40.971736	41.182153	76
40.973820	41.032153	61
41.000903	41.048820	64
41.088403	41.363403	78
41.215486	41.338403	61
41.215486	41.394653	80
41.225903	41.336320	64
41.363403	41.405070	81
41.484236	41.855070	81
41.507153	41.661320	59
41.625903	41.752986	79
41.730070	41.884236	78
41.773820	41.834236	64
41.777986	41.832153	62
41.848820	41.938403	76
42.000903	42.140486	76
42.009236	42.065486	56
42.146736	42.317570	74
42.282153	42.415486	73
42.284236	42.334236	64
42.298820	42.348820	62
42.438403	42.621736	71
42.571736	42.634236	57
42.582153	42.748820	73
42.730070	42.934236	76
42.817570	42.959236	69
42.842570	42.955070	54
42.944653	43.077986	73
43.082153	43.215486	71
43.107153	43.311320	50
43.175903	43.325903	74
43.321736	43.373820	52
43.334236	43.477986	68
43.465486	43.657153	71
43.611320	44.030070	45
43.625903	43.888403	69
43.950903	44.055070	57
44.248820	44.377986	85
44.375903	44.525903	86
44.484236	44.636320	85
44.605070	44.730070	83
44.742570	44.796736	81
44.752986	44.815486	54
44.890486	45.009236	83
45.009236	45.136320	81
45.015486	45.061320	61
45.019653	45.073820	57
45.134236	45.273820	80
45.259236	45.465486	78
45.292570	45.365486	57
45.300903	45.348820	61
45.407153	45.552986	81
45.505070	45.563403	57
45.507153	45.561320	61
45.521736	45.686320	80
45.650903	45.752986	78
45.763403	45.915486	56
45.763403	45.936320	77
45.875903	46.057153	78
46.007153	46.144653	80
46.026163	46.080070	61
46.038403	46.090486	59
46.163403	46.234236	77
46.261320	46.463403	73
46.280070	46.336320	61
46.284236	46.342570	59
46.421736	46.667570	75
46.563403	46.615486	61
46.563403	46.625903	59
46.621736	46.784236	77
46.780070	46.917570	73
46.967570	47.138403	78
46.988403	47.421736	54
47.217570	47.421736	77
47.373820	47.550903	78
47.388403	47.461320	61
47.405070	47.477986	57
47.517570	47.621736	80
47.638403	47.767570	81
47.667570	47.736320	61
47.675903	47.767570	57
47.780070	47.857153	80
47.900903	48.015486	61
47.913403	48.063403	81
47.932153	47.992570	57
48.027986	48.177986	83
48.169653	48.294653	85
48.177986	48.446736	49
48.321736	48.469653	84
48.415486	48.457153	61
48.427986	48.469653	56
48.452986	48.561320	85
48.582153	48.740486	84
48.655070	48.715486	61
48.688403	48.738403	55
48.721736	48.832153	85
48.827986	48.982153	84
48.936320	49.011320	61
48.942570	49.084236	85
48.967570	49.017570	54
49.084236	49.198820	80
49.219653	49.405070	86
49.242570	49.550903	47
49.380070	49.525903	85
49.502986	49.659236	86
49.523820	49.584236	54
49.534236	49.582153	59
49.638403	49.786320	85
49.777986	49.917570	86
49.786320	49.830070	54
49.790486	49.840486	59
49.902986	50.046736	85
50.032153	50.219653	86
50.044653	50.148820	59
50.052986	50.125903	54
50.198820	50.336320	85
50.323820	50.605070	47
50.327986	50.521736	86
50.448820	50.590486	85
50.573820	50.717570	83
50.586320	50.642570	56
50.607153	50.652986	59
50.713403	50.832153	81
50.855070	51.046736	80
50.873820	50.927986	56
50.884236	50.940486	59
50.988403	51.180070	81
51.096736	51.152986	56
51.121736	51.186320	59
51.121736	51.290486	83
51.280070	51.419653	80
51.373820	51.640486	49
51.402986	51.659236	81
51.509236	51.663403	83
51.665486	51.711320	54
51.665486	51.840486	85
51.669653	51.717570	57
51.790486	51.909236	78
51.925903	52.017570	49
51.934236	52.038403	77
52.059236	52.188403	78
52.211320	52.290486	80
52.217570	52.257153	56
52.223820	52.288403	59
52.350903	52.423820	77
52.527986	52.700903	78
52.548820	52.815486	54
52.548820	52.823820	57
53.067570	53.225903	76
53.184236	53.342570	74
53.294653	53.446736	73
53.427986	53.525903	71
53.500903	53.563403	57
53.550903	53.623820	69
53.673820	53.798820	71
53.773820	53.827986	64
53.773820	53.827986	61
53.784236	53.848820	73
53.925903	54.088403	74
54.052986	54.250903	76
54.075903	54.134236	61
54.090486	54.144653	64
54.165486	54.450903	78
54.298820	54.494653	80
54.317570	54.377986	61
54.323820	54.386320	64
54.457153	54.500903	81
54.586320	54.752986	81
54.607153	54.798820	59
54.669653	54.865486	80
54.800903	54.988403	78
54.882153	54.944653	64
54.888403	54.952986	62
54.946736	55.027986	76
55.098820	55.227986	76
55.105070	55.150903	56
55.242570	55.375903	74
55.361320	55.502986	73
55.365486	55.411320	62
55.380070	55.427986	64
55.500903	55.623820	71
55.619653	55.792570	57
55.627986	55.746736	69
55.725903	55.905070	71
55.863403	55.940486	73
55.873820	55.925903	64
55.880070	55.927986	61
56.011320	56.138403	74
56.142570	56.367570	76
56.146736	56.192570	61
56.155070	56.205070	64
56.261320	56.540486	78
56.369653	56.584236	80
56.396736	56.438403	64
56.396736	56.455070	61
56.525903	56.615486	81
56.667570	57.144653	52
56.748820	57.123820	82
57.086320	57.159236	56
57.090486	57.161320	62
57.094653	57.150903	83
57.444653	57.638403	76
57.461320	57.532153	62
57.463403	57.515486	56
57.590486	57.761320	74
57.725903	57.877986	73
57.734236	57.775903	56
57.734236	57.782153	62
57.863403	57.975903	71
57.992570	58.075903	69
57.994653	58.263403	57
58.107153	58.288403	71
58.234236	58.282153	61
58.242570	58.292570	64
58.255070	58.371736	73
58.411320	58.552986	74
58.502986	58.555070	61
58.513403	58.561320	64
58.546736	58.763403	76
58.667570	58.932153	78
58.777986	58.846736	61
58.780070	58.852986	64
58.782153	58.965486	80
58.917570	58.961320	81
59.052986	59.340486	81
59.067570	59.252986	59
59.140486	59.369653	80
59.292570	59.490486	78
59.338403	59.407153	62
59.340486	59.402986	64
59.427986	59.482153	76
59.571736	59.707153	76
59.575903	59.625903	56
59.713403	59.877986	74
59.836320	59.882153	62
59.836320	59.965486	73
59.842570	59.884236	64
59.971736	60.140486	71
60.102986	60.219653	57
60.109236	60.275903	73
60.242570	60.480070	76
60.340486	60.473820	69
60.369653	60.477986	54
60.469653	60.596736	73
60.592570	60.761320	71
60.627986	60.796736	50
60.713403	60.825903	74
60.846736	60.902986	52
60.875903	60.923820	68
60.990486	61.171736	71
61.113403	61.521736	45
61.157153	61.390486	69
61.442570	61.548820	57
61.717570	61.852986	85
61.861320	62.019653	86
61.955070	62.175903	85
62.138403	62.363403	83
62.350903	62.690486	81
62.373820	62.584236	49
62.680070	62.880070	83
62.830070	62.934236	61
62.850903	62.980070	81
62.992570	63.096736	83
63.102986	63.238403	81
63.134236	63.198820	61
63.163403	63.219653	57
63.240486	63.465486	80
63.413403	63.482153	61
63.444653	63.509236	57
63.448820	63.727986	81
63.690486	64.007153	80
63.950903	64.209236	78
64.227986	64.367570	77
64.242570	64.440486	53
64.367570	64.542570	78
64.513403	64.648820	80
64.515486	64.584236	56
64.530070	64.575903	61
64.663403	64.748820	77
64.800903	65.013403	73
64.819653	64.877986	56
64.821736	64.873820	61
64.940486	65.186320	75
65.096736	65.157153	56
65.098820	65.155070	61
65.117570	65.240486	77
65.250903	65.334236	73
65.380070	65.480070	78
65.407153	65.482153	54
65.540486	65.730070	77
65.671736	65.730070	61
65.671736	65.836320	78
65.677986	65.746736	57
65.819653	65.917570	80
65.942570	66.086320	81
65.955070	66.042570	57
65.965486	66.019653	61
66.084236	66.213403	80
66.240486	66.292570	61
66.246736	66.392570	81
66.250903	66.327986	57
66.377986	66.546736	83
66.538403	66.707153	85
66.552986	66.882153	49
66.727986	66.846736	84
66.855070	66.898820	61
66.861320	66.905070	56
66.869653	66.984236	85
67.002986	67.125903	84
67.132153	67.257153	85
67.140486	67.188403	61
67.169653	67.227986	55
67.284236	67.471736	84
67.413403	67.502986	61
67.427986	67.580070	85
67.600903	67.657153	82
67.738403	67.942570	86
67.769653	68.096736	47
67.932153	68.073820	85
68.071736	68.146736	59
68.071736	68.215486	86
68.073820	68.130070	54
68.215486	68.334236	85
68.340486	68.486320	86
68.352986	68.409236	54
68.361320	68.411320	59
68.486320	68.630070	85
68.623820	68.767570	86
68.638403	68.719653	54
68.642570	68.719653	59
68.761320	68.902986	85
68.892570	69.094653	86
68.898820	69.138403	47
69.030070	69.167570	85
69.152986	69.207153	56
69.152986	69.290486	83
69.165486	69.215486	59
69.296736	69.421736	81
69.440486	69.492570	56
69.440486	69.665486	80
69.459236	69.521736	59
69.573820	69.807153	81
69.725903	69.784236	56
69.725903	69.882153	83
69.913403	70.011320	85
70.030070	70.357153	49
70.071736	70.342570	81
70.248820	70.390486	83
70.413403	70.461320	54
70.413403	70.552986	85
70.415486	70.471736	57
70.552986	70.646736	78
70.696736	70.771736	49
70.707153	70.757153	77
70.844653	70.977986	78
70.984236	71.096736	80
70.998820	71.050903	56
71.138403	71.227986	77
71.309236	71.346736	78
71.330070	71.365486	57
71.334236	71.369653	54
71.873820	71.913403	69
71.873820	71.927986	81
72.136320	72.177986	83
72.148820	72.190486	71
72.294653	72.415486	45
72.336320	72.457153	49
72.413403	72.457153	52
72.432153	72.471736	57
72.463403	72.496736	85
72.463403	72.502986	73
72.734236	72.786320	57
72.984236	73.027986	69
72.990486	73.046736	57
72.990486	73.050903	81
73.225903	73.298820	57
73.227986	73.271736	71
73.230070	73.294653	83
73.425903	73.527986	45
73.461320	73.555070	49
73.492570	73.577986	57
73.502986	73.550903	52
73.515486	73.561320	85
73.534236	73.571736	73
73.775903	73.825903	71
73.775903	73.842570	83
73.782153	73.827986	57
74.017570	74.065486	69
74.021736	74.084236	81
74.027986	74.069653	57
74.252986	74.300903	57
74.284236	74.321736	80
74.294653	74.327986	68
74.513403	74.602986	50
74.523820	74.582153	78
74.523820	74.590486	38
74.530070	74.569653	66
74.544653	74.594653	42
74.548820	74.611320	45
74.752986	74.846736	50
74.767570	74.830070	80
74.771736	74.825903	68
74.994653	75.067570	51
75.013403	75.057153	39
75.017570	75.098820	81
75.019653	75.088403	69
75.030070	75.088403	45
75.034236	75.090486	42
75.255070	75.302986	51
75.261320	75.338403	83
75.267570	75.309236	71
75.486320	75.592570	52
75.494653	75.600903	40
75.498820	75.565486	80
75.505070	75.582153	44
75.509236	75.546736	68
75.525903	75.577986	47
75.757153	75.805070	64
75.757153	75.852986	76
75.759236	75.834236	52
75.990486	76.077986	52
76.011320	76.105070	81
76.015486	76.067570	69
76.244653	76.313403	52
76.282153	76.321736	71
76.282153	76.382153	83
76.309236	76.357153	81
76.425903	76.559236	45
76.498820	76.548820	49
76.505070	76.588403	57
76.532153	76.586320	52
76.544653	76.571736	85
76.544653	76.577986	73
76.800903	76.882153	57
77.048820	77.092570	69
77.048820	77.094653	57
77.055070	77.144653	81
77.273820	77.386320	57
77.288403	77.327986	71
77.288403	77.355070	83
77.444653	77.575903	45
77.480070	77.611320	49
77.536320	77.627986	57
77.550903	77.607153	52
77.569653	77.607153	85
77.573820	77.609236	73
77.798820	77.869653	57
77.821736	77.875903	83
77.823820	77.863403	71
78.055070	78.098820	69
78.055070	78.105070	57
78.059236	78.107153	81
78.265486	78.340486	57
78.298820	78.342570	80
78.311320	78.350903	68
78.532153	78.573820	66
78.532153	78.580070	78
78.532153	78.594653	50
78.552986	78.642570	38
78.567570	78.627986	36
78.567570	78.636320	42
78.784236	78.827986	71
78.784236	78.850903	50
78.790486	78.830070	72
78.790486	78.832153	84
78.790486	78.834236	83
79.027986	79.069653	52
79.030070	79.075903	80
79.032153	79.071736	68
79.032153	79.102986	40
79.040486	79.090486	44
79.042570	79.100903	41
79.271736	79.321736	52
79.280070	79.315486	64
79.280070	79.348820	76
79.490486	79.623820	45
79.511320	79.613403	57
79.523820	79.613403	49
79.527986	79.588403	81
79.540486	79.571736	69
79.552986	79.609236	52
79.790486	79.863403	57
80.046736	80.094653	57
80.046736	80.094653	69
80.061320	80.119653	81
80.311320	80.388403	57
80.336320	80.375903	71
80.336320	80.398820	83
80.488403	80.598820	45
80.527986	80.621736	49
80.588403	80.642570	57
80.619653	80.650903	73
80.623820	80.655070	85
80.888403	80.950903	57
81.125903	81.186320	57
81.140486	81.180070	69
81.142570	81.209236	81
81.377986	81.492570	57
81.394653	81.438403	71
81.400903	81.467570	83
81.548820	81.671736	45
81.580070	81.707153	49
81.642570	81.721736	57
81.646736	81.694653	52
81.677986	81.715486	85
81.680070	81.715486	73
81.927986	81.992570	57
81.936320	81.982153	83
81.942570	81.984236	71
82.167570	82.211320	69
82.167570	82.219653	57
82.167570	82.242570	81
82.411320	82.477986	57
82.438403	82.482153	80
82.440486	82.484236	68
82.669653	82.777986	38
82.680070	82.767570	50
82.692570	82.744653	66
82.692570	82.761320	78
82.711320	82.773820	42
82.942570	83.009236	50
82.946736	82.986320	80
82.946736	82.988403	68
83.192570	83.261320	51
83.200903	83.248820	39
83.200903	83.288403	81
83.205070	83.294653	69
83.217570	83.271736	42
83.232153	83.302986	45
83.446736	83.494653	71
83.446736	83.505070	83
83.450903	83.507153	51
83.682153	83.782153	40
83.692570	83.786320	52
83.696736	83.752986	44
83.709236	83.752986	68
83.709236	83.759236	80
83.736320	83.788403	47
83.971736	84.048820	52
83.980070	84.067570	76
83.982153	84.021736	64
84.223820	84.273820	52
84.246736	84.296736	81
84.252986	84.290486	69
84.467570	84.509236	52
84.505070	84.607153	83
84.507153	84.550903	71
84.659236	84.802986	45
84.717570	84.798820	49
84.727986	84.815486	57
84.773820	84.807153	73
84.773820	84.807153	85
85.048820	85.109236	57
85.280070	85.325903	69
85.290486	85.350903	81
85.292570	85.344653	57
85.542570	85.640486	57
85.559236	85.596736	71
85.561320	85.615486	83
85.702986	85.832153	45
85.746736	85.884236	49
85.802986	85.857153	52
85.813403	85.880070	57
85.840486	85.877986	85
85.844653	85.880070	73
86.080070	86.138403	57
86.086320	86.146736	83
86.098820	86.144653	71
86.346736	86.386320	69
86.346736	86.398820	81
86.357153	86.402986	57
86.611320	86.661320	57
86.642570	86.682153	80
86.644653	86.684236	68
86.890486	86.944653	44
86.909236	86.961320	78
86.913403	86.952986	66
86.917570	87.007153	50
86.923820	86.994653	38
87.225903	87.300903	83
87.230070	87.269653	71
87.230070	87.292570	50
87.267570	87.334236	42
87.542570	87.696736	52
87.575903	87.684236	80
87.586320	87.675903	68
87.602986	87.711320	44
88.009236	88.057153	52
88.027986	88.098820	76
88.030070	88.069653	64
88.452986	88.598820	45
88.500903	88.677986	49
88.582153	88.677986	69
88.584236	88.684236	52
88.621736	89.088403	57
88.636320	88.736320	73
88.732153	88.773820	76
88.834236	88.986320	81
88.963403	89.017570	93
