1.981114	2.712364	26
1.985280	2.337364	38
2.670697	3.056114	29
2.672780	3.047780	41
3.054030	3.251947	33
3.060280	3.193614	45
3.279030	3.397780	38
3.301947	3.470697	50
3.514447	3.708197	41
3.524864	3.708197	53
3.722780	3.935280	45
3.733197	3.943614	57
3.931114	4.172780	50
3.945697	4.183197	62
4.154030	4.306114	57
4.156114	4.339447	45
4.349864	4.499864	41
4.356114	4.508197	53
4.529030	4.679030	50
4.535280	4.762364	38
4.729030	4.874864	53
4.758197	4.914447	41
4.906114	4.966530	57
4.906114	5.054030	45
5.072780	5.145697	50
5.079030	5.135280	62
5.243614	5.374864	65
5.254030	5.393614	53
5.424864	5.574864	69
5.424864	5.585280	57
5.587364	5.776947	74
5.595697	5.735280	62
5.754030	5.922780	57
5.760280	5.916530	69
5.929030	6.062364	53
5.933197	6.066530	65
6.076947	6.197780	62
6.085280	6.276947	50
6.237364	6.376947	65
6.270697	6.441530	53
6.393614	6.468614	69
6.422780	6.537364	57
6.554030	6.618614	62
6.558197	6.601947	74
6.697780	6.801947	77
6.718614	6.835280	65
6.847780	6.983197	81
6.847780	6.993614	69
6.995697	7.172780	86
7.010280	7.118614	74
7.133197	7.289447	69
7.141530	7.272780	81
7.287364	7.414447	77
7.295697	7.418614	65
7.424864	7.504030	74
7.424864	7.585280	62
7.558197	7.699864	77
7.566530	7.735280	65
7.685280	7.745697	81
7.718614	7.797780	69
7.829030	7.910280	74
7.841530	7.883197	86
7.972780	8.101947	89
7.991530	8.108197	77
8.118614	8.266530	93
8.139447	8.264447	81
8.310280	8.518614	86
8.322780	8.574864	98
8.539447	8.693614	81
8.549864	8.701947	93
8.716530	8.866530	89
8.724864	8.854030	77
8.895697	8.989447	86
8.906114	9.037364	74
9.066530	9.195697	89
9.072780	9.204030	77
9.235280	9.397780	93
9.247780	9.397780	81
9.420697	9.587364	86
9.420697	9.641530	98
9.595697	9.758197	93
9.599864	9.770697	81
9.776947	9.922780	89
9.787364	9.885280	77
9.951947	10.126947	74
9.964447	10.126947	86
10.145697	10.293614	89
10.145697	10.333197	77
10.326947	10.504030	94
10.329030	10.497780	82
10.504030	10.712364	98
10.508197	10.647780	86
10.674864	10.831114	94
10.674864	10.845697	82
10.860280	10.997780	89
10.893614	10.976947	77
11.026947	11.204030	86
11.062364	11.224864	74
11.214447	11.351947	89
11.237364	11.393614	77
11.395697	11.558197	81
11.399864	11.566530	93
11.579030	11.720697	86
11.585280	11.806114	98
11.758197	11.870697	81
11.762364	11.939447	93
11.939447	12.020697	77
11.943614	12.141530	89
12.137364	12.224864	86
12.154030	12.281114	74
12.333197	12.512364	69
12.339447	12.464447	81
12.512364	12.635280	65
12.518614	12.639447	77
12.687364	12.826947	74
12.687364	12.899864	62
12.856114	13.079030	86
12.876947	13.045697	65
13.058197	13.231114	81
13.189447	13.376947	69
13.243614	13.401947	77
13.391530	13.526947	74
13.583197	13.743614	69
13.606114	13.772780	77
13.776947	13.883197	65
13.776947	13.926947	81
13.949864	14.112364	62
13.962364	14.166530	86
14.124864	14.266530	65
14.141530	14.291530	81
14.281114	14.424864	69
14.314447	14.456114	77
14.449864	14.587364	74
14.639447	14.879030	69
14.720697	14.822780	77
14.906114	15.166530	81
14.910280	15.001947	65
15.210280	15.362364	74
15.218614	15.445697	62
15.449864	15.599864	65
15.476947	15.564447	77
15.626947	15.747780	69
15.645697	15.793614	81
15.783197	15.906114	74
15.795697	15.991530	86
15.947780	16.068614	69
15.951947	16.126947	81
16.120697	16.295697	77
16.133197	16.193614	65
16.295697	16.351947	74
16.341530	16.456114	62
16.483197	16.649864	69
16.497780	16.606114	57
16.676947	16.833197	65
16.697780	16.779030	53
16.845697	17.079030	50
16.887364	17.056114	62
17.079030	17.231114	65
17.079030	17.241530	53
17.260280	17.414447	58
17.260280	17.422780	70
17.429030	17.631114	74
17.447780	17.610280	62
17.606114	17.762364	70
17.606114	17.770697	58
17.801947	17.926947	65
17.808197	17.895697	53
17.987364	18.293614	50
18.008197	18.195697	62
18.197780	18.368614	66
18.197780	18.387364	54
18.370697	18.583197	70
18.387364	18.556114	58
18.572780	18.789447	74
18.591530	18.751947	62
18.745697	18.910280	70
18.758197	18.924864	58
18.939447	19.083197	66
18.945697	19.016530	54
19.139447	19.399864	62
19.139447	19.533197	50
19.356114	19.562364	67
19.383197	19.576947	55
19.547780	19.718614	58
19.551947	19.724864	70
19.749864	20.031114	74
19.751947	19.920697	62
19.981114	20.164447	70
19.993614	20.141530	58
20.187364	20.254030	55
20.187364	20.349864	67
20.381114	20.610280	50
20.408197	20.620697	62
20.606114	20.772780	66
20.614447	20.806114	56
20.804030	20.981114	60
20.808197	21.033197	72
21.001947	21.137364	62
21.006114	21.274864	74
21.233197	21.339447	60
21.245697	21.506114	72
21.472780	21.524864	56
21.499864	21.654030	66
21.776947	22.345697	50
21.781114	22.081114	62
22.041530	22.206114	53
22.058197	22.229030	65
22.231114	22.408197	57
22.266530	22.412364	69
22.418614	22.506114	62
22.483197	22.583197	74
22.633197	22.814447	65
22.670697	22.822780	77
22.874864	23.058197	81
22.879030	23.010280	69
23.076947	23.208197	74
23.083197	23.285280	86
23.266530	23.379030	69
23.266530	23.437364	81
23.456114	23.599864	77
23.460280	23.514447	65
23.649864	23.714447	74
23.685280	23.820697	62
23.845697	24.060280	69
23.874864	24.056114	57
24.089447	24.233197	65
24.099864	24.222780	53
24.295697	24.601947	50
24.312364	24.524864	62
24.510280	24.710280	66
24.510280	24.712364	54
24.695697	24.926947	58
24.706114	24.933197	70
24.906114	25.149864	74
24.918614	25.064447	62
25.093614	25.256114	70
25.108197	25.274864	58
25.301947	25.383197	66
25.320697	25.372780	54
25.518614	25.679030	62
25.537364	25.779030	50
25.735280	25.879030	53
25.741530	25.864447	65
25.916530	26.047780	57
25.933197	26.106114	69
26.106114	26.235280	62
26.112364	26.306114	74
26.289447	26.474864	69
26.308197	26.397780	57
26.485280	26.649864	65
26.499864	26.556114	53
26.676947	26.745697	62
26.704030	26.851947	50
26.874864	27.089447	57
26.889447	27.058197	45
27.076947	27.247780	41
27.089447	27.268614	53
27.297780	27.472780	38
27.297780	27.481114	50
27.493614	27.666530	41
27.504030	27.720697	53
27.733197	27.839447	57
27.745697	27.791530	38
28.072780	28.383197	43
28.074864	28.420697	31
28.362364	28.547780	34
28.364447	28.508197	46
28.537364	28.654030	38
28.551947	28.624864	50
28.726947	28.783197	43
28.741530	28.833197	55
28.912364	28.999864	46
28.924864	29.043614	58
29.076947	29.214447	50
29.101947	29.258197	62
29.256114	29.372780	55
29.270697	29.470697	67
29.447780	29.610280	62
29.451947	29.604030	50
29.614447	29.668614	46
29.620697	29.706114	58
29.791530	30.026947	45
29.810280	29.945697	57
29.979030	30.145697	49
29.991530	30.151947	61
30.170697	30.285280	52
30.174864	30.237364	64
30.349864	30.424864	57
30.349864	30.447780	69
30.533197	30.668614	73
30.539447	30.687364	61
30.726947	30.891530	64
30.737364	30.929030	76
30.939447	31.104030	69
30.970697	31.206114	81
31.185280	31.274864	64
31.201947	31.441530	76
31.435280	31.491530	61
31.466530	31.564447	73
31.776947	32.031114	62
31.793614	32.051947	50
32.054030	32.197780	65
32.058197	32.224864	53
32.212364	32.268614	69
32.226947	32.316530	57
32.366530	32.437364	62
32.381114	32.441530	74
32.516530	32.631114	77
32.537364	32.647780	65
32.668614	32.826947	81
32.701947	32.783197	69
32.806114	32.933197	74
32.820697	32.993614	86
32.956114	33.097780	69
32.976947	33.112364	81
33.112364	33.206114	65
33.126947	33.233197	77
33.247780	33.366530	74
33.256114	33.404030	62
33.395697	33.537364	77
33.399864	33.558197	65
33.522780	33.589447	81
33.541530	33.629030	69
33.649864	33.722780	74
33.676947	33.739447	86
33.799864	33.929030	89
33.814447	33.947780	77
33.941530	34.101947	93
33.945697	34.076947	81
34.087364	34.224864	86
34.093614	34.293614	98
34.235280	34.370697	81
34.251947	34.416530	93
34.397780	34.466530	77
34.401947	34.562364	89
34.554030	34.639447	86
34.566530	34.676947	74
34.720697	34.864447	69
34.731374	34.860280	81
34.747780	34.814447	83
34.876947	35.043614	77
34.891530	34.966530	65
35.039447	35.135280	74
35.064447	35.174864	62
35.208197	35.374864	69
35.214447	35.356114	57
35.381114	35.504030	65
35.389447	35.435280	53
35.549864	35.608197	62
35.549864	35.679030	50
35.722780	35.874864	57
35.731114	35.872780	45
35.916530	36.076947	41
35.924864	36.108197	53
36.124864	36.439447	50
36.124864	36.593614	38
36.383197	36.564447	53
36.391530	36.568614	41
36.564447	36.731114	45
36.574864	36.760280	57
36.764447	36.926947	50
36.768614	36.989447	62
36.976947	37.216530	57
36.983197	37.149864	45
37.235280	37.349864	41
37.260280	37.356114	53
37.564447	37.943614	36
37.597780	37.879030	48
37.860280	38.035280	40
37.866530	38.014447	52
38.037364	38.087364	55
38.045697	38.170697	43
38.206114	38.274864	48
38.220697	38.297780	60
38.385280	38.514447	64
38.391530	38.504030	52
38.533197	38.676947	55
38.551947	38.729030	67
38.706114	38.858197	60
38.729030	38.941530	72
38.897780	39.037364	55
38.899864	39.114447	67
39.135280	39.214447	64
39.143614	39.181114	52
39.522780	40.110280	46
39.568614	40.093614	34
40.095697	40.383197	50
40.095697	40.397780	38
40.372780	40.529030	41
40.379030	40.454030	53
40.570697	40.641530	46
40.612364	40.666530	58
40.837364	40.968614	50
40.841530	40.983197	62
41.033197	41.183197	53
41.045697	41.212364	65
41.239447	41.385280	58
41.266530	41.491530	70
41.485280	41.720697	65
41.497780	41.597780	53
41.766530	41.818614	62
41.766530	41.843614	50
42.116530	42.495697	53
42.122780	42.687364	41
42.456114	42.651947	57
42.483197	42.674864	45
42.670697	42.824864	48
42.679030	42.743614	60
42.864447	42.979030	65
42.874864	42.939447	53
43.051947	43.185280	69
43.062364	43.204030	57
43.249864	43.395697	60
43.249864	43.431114	72
43.439447	43.587364	65
43.443614	43.685280	77
43.649864	43.816530	60
43.658197	43.897780	72
43.868614	43.937364	57
43.872780	43.989447	69
44.079030	44.262364	67
44.079030	44.301947	55
44.287364	44.418614	71
44.299864	44.447780	59
44.468614	44.631114	62
44.495697	44.654030	74
44.664447	44.814447	67
44.674864	44.874864	79
44.858197	45.083197	74
44.872780	44.964447	62
45.064447	45.141530	71
45.085280	45.137364	59
45.270697	45.454030	65
45.289447	45.514447	53
45.466530	45.635280	57
45.472780	45.610280	69
45.660280	45.826947	72
45.662364	45.814447	60
45.839447	45.995697	65
45.839447	46.068614	77
46.026947	46.222780	72
46.047780	46.185280	60
46.226947	46.320697	69
46.247780	46.306114	57
46.422780	46.658197	67
46.435280	46.714447	55
46.614447	46.829030	59
46.620697	46.785280	71
46.810280	47.035280	74
46.814447	47.018614	62
47.004030	47.239447	79
47.016530	47.158197	67
47.208197	47.429030	74
47.212364	47.381114	62
47.447780	47.514447	71
47.449864	47.508197	59
47.720697	48.039447	60
47.739447	48.029030	72
47.991530	48.197780	64
48.012364	48.147780	76
48.199864	48.368614	79
48.204030	48.387364	67
48.389447	48.537364	72
48.397780	48.620697	84
48.597780	48.772780	79
48.604030	48.743614	67
48.783197	48.929030	76
48.797780	48.879030	64
48.995697	49.247780	61
48.999864	49.154030	73
49.197780	49.374864	76
49.220697	49.391530	64
49.393614	49.558197	79
49.397780	49.564447	67
49.564447	49.701947	70
49.587364	49.779030	82
49.766530	49.924864	79
49.793614	49.926947	67
49.966530	50.110280	76
49.983197	50.049864	64
50.172780	50.566530	62
50.179030	50.343614	74
50.370697	50.547780	65
50.379030	50.526947	77
50.560280	50.716530	69
50.568614	50.751947	81
50.766530	50.908197	74
50.772780	50.991530	86
50.956114	51.139447	81
50.960280	51.154030	69
51.151947	51.231114	77
51.176947	51.241530	65
51.362364	51.562364	75
51.381114	51.758197	63
51.551947	51.739447	78
51.564447	51.737364	66
51.747780	51.943614	81
51.751947	51.937364	69
51.947780	52.174864	84
51.954030	52.131114	72
52.147780	52.333197	81
52.164447	52.293614	69
52.339447	52.456114	78
52.360280	52.416530	66
52.551947	52.808197	64
52.562364	52.741530	76
52.743614	52.922780	67
52.751947	52.885280	79
52.945697	53.104030	71
52.954030	53.112364	83
53.141530	53.287364	76
53.143614	53.362364	88
53.335280	53.510280	83
53.351947	53.493614	71
53.549864	53.633197	79
53.554030	53.622780	67
53.735280	54.212364	65
53.739447	53.929030	77
53.937364	54.104030	69
53.941530	54.095697	81
54.118614	54.281114	72
54.133197	54.308197	84
54.318614	54.570697	88
54.320697	54.493614	76
54.524864	54.685280	84
54.543614	54.708197	72
54.726947	54.822780	69
54.731114	54.889447	81
54.937364	55.108197	78
54.937364	55.179030	66
55.137364	55.326947	81
55.145697	55.312364	69
55.339447	55.514447	72
55.345697	55.514447	84
55.535280	55.756114	87
55.539447	55.691530	75
55.758197	55.922780	84
55.776947	55.895697	72
55.974864	56.058197	81
55.997780	56.062364	69
56.201947	56.406114	79
56.218614	56.564447	67
56.441530	56.587364	84
56.466530	56.610280	72
56.637364	56.787364	76
56.645697	56.837364	88
56.826947	56.995697	79
56.843614	57.087364	91
57.035280	57.210280	88
57.064447	57.239447	76
57.233197	57.393614	84
57.247780	57.318614	72
57.433197	57.787364	67
57.435280	57.666530	79
57.637364	57.833197	83
57.637364	57.837364	71
57.866530	58.026947	77
57.870697	58.104030	89
58.085280	58.272780	79
58.091530	58.368614	91
58.343614	58.622780	89
58.358197	58.531114	77
58.654030	58.735280	83
58.685280	58.789447	71
59.076947	59.351947	72
59.081114	59.514447	84
59.347780	59.589447	79
59.358197	59.526947	67
59.564447	59.737364	76
59.570697	59.626947	64
59.751947	59.837364	72
59.764447	59.908197	60
59.947780	60.108197	67
59.964447	60.106114	55
60.168614	60.316530	64
60.185280	60.243614	52
60.349864	60.493614	48
60.362364	60.441530	60
60.562364	60.724864	43
60.566530	60.714447	55
60.770697	60.897780	40
60.772780	60.924864	52
60.943614	61.191530	36
60.964447	61.156114	48
61.158197	61.337364	40
61.166530	61.333197	52
61.333197	61.481114	44
61.345697	61.439447	56
61.522780	61.576947	48
61.541530	61.704030	60
61.710280	61.860280	52
61.729030	61.862364	64
61.906114	62.054030	56
61.929030	62.106114	68
62.116530	62.333197	72
62.124864	62.301947	60
62.293614	62.476947	68
62.316530	62.501947	56
62.510280	62.654030	64
62.533197	62.616530	52
62.679030	63.020697	48
62.706114	62.883197	60
62.904030	63.041530	64
62.916530	63.089447	52
63.074864	63.197780	55
63.087364	63.145697	67
63.243614	63.308197	60
63.270697	63.333197	72
63.439447	63.579030	64
63.449864	63.547780	76
63.622780	63.781114	67
63.651947	63.820697	79
63.818614	63.993614	72
63.829030	64.045697	84
64.026947	64.208197	67
64.029030	64.193614	79
64.235280	64.356114	76
64.245697	64.312364	64
64.414447	64.651947	60
64.424864	64.583197	72
64.612364	64.756114	75
64.612364	64.789447	63
64.793614	64.874864	80
64.793614	64.929030	68
64.989447	65.041530	72
64.991530	65.074864	84
65.181114	65.281114	75
65.185280	65.304030	87
65.366530	65.556114	80
65.389447	65.576947	92
65.589447	65.845697	96
65.595697	65.785280	84
65.797780	65.962364	92
65.814447	65.985280	80
66.024864	66.149864	87
66.041530	66.101947	75
66.249864	66.439447	84
66.249864	66.470697	96
66.445697	66.624864	92
66.451947	66.612364	80
66.643614	66.818614	89
66.660280	66.714447	77
66.837364	66.926947	84
66.845697	66.979030	72
67.041530	67.170697	80
67.108197	67.160280	69
67.266530	67.437364	77
67.268614	67.412364	65
67.470697	67.683197	60
67.495697	67.576947	72
67.512364	67.574864	74
67.668614	67.820697	77
67.687364	67.837364	65
67.860280	68.020697	68
67.870697	68.035280	80
68.051947	68.301947	84
68.060280	68.245697	72
68.243614	68.439447	80
68.256114	68.451947	68
68.458197	68.589447	77
68.474864	68.589447	65
68.660280	68.870697	84
68.668614	68.808197	72
68.841530	68.979030	67
68.845697	69.024864	79
69.041530	69.095697	64
69.043614	69.199864	76
69.216530	69.341530	60
69.229030	69.306114	72
69.418614	69.566530	55
69.424864	69.556114	67
69.610280	69.772780	64
69.612364	69.691530	52
69.804030	70.041530	48
69.812364	69.972780	60
70.001947	70.145697	52
70.014447	70.145697	64
70.199864	70.341530	55
70.206114	70.376947	67
70.376947	70.551947	60
70.399864	70.612364	72
70.585280	70.760280	55
70.585280	70.779030	67
70.789447	70.856114	64
70.789447	70.860280	52
70.995697	71.206114	47
71.006114	71.179030	59
71.208197	71.339447	62
71.210280	71.381114	50
71.406114	71.570697	67
71.433197	71.522780	55
71.620697	71.737364	62
71.620697	71.760280	74
71.799864	71.968614	55
71.826947	71.991530	67
72.026947	72.095697	50
72.029030	72.087364	62
72.233197	72.437364	45
72.256114	72.401947	57
72.445697	72.631114	48
72.458197	72.595697	60
72.639447	72.791530	53
72.647780	72.812364	65
72.847780	72.937364	60
72.858197	72.987364	72
73.045697	73.245697	65
73.054030	73.204030	53
73.254030	73.318614	48
73.258197	73.368614	60
73.454030	73.658197	44
73.483197	73.610280	56
73.674864	73.816530	60
73.689447	73.864447	48
73.868614	74.041530	65
73.870697	74.079030	53
74.099864	74.229030	72
74.106114	74.176947	60
74.297780	74.485280	65
74.304030	74.454030	53
74.493614	74.631114	60
74.535280	74.606114	48
74.708197	74.889447	43
74.720697	74.870697	55
74.920697	75.060280	60
74.935280	75.120697	48
75.116530	75.266530	52
75.129030	75.276947	64
75.326947	75.435280	60
75.343614	75.451947	72
75.537364	75.733197	64
75.543614	75.679030	52
75.741530	75.856114	60
75.768614	75.839447	48
75.945697	76.168614	55
75.951947	76.531114	43
76.168614	76.345697	59
76.168614	76.489447	50
76.383197	76.658197	62
76.412364	76.522780	55
76.637364	76.916530	67
76.858197	77.147780	62
76.887364	76.991530	55
77.131114	77.197780	50
77.141530	77.235280	59
77.489447	77.837364	48
77.514447	77.945697	36
77.533197	77.597780	35
77.785280	77.997780	40
77.806114	77.997780	52
77.999864	78.122780	43
78.012364	78.068614	55
78.187364	78.258197	48
78.210280	78.374864	60
78.404030	78.514447	52
78.416530	78.549864	64
78.587364	78.726947	55
78.614447	78.795697	67
78.816530	79.041530	72
78.826947	78.912364	60
78.829030	78.904030	62
78.993614	79.166530	55
79.012364	79.193614	67
79.197780	79.281114	52
79.204030	79.360280	64
79.379030	79.866530	50
79.393614	79.626947	62
79.583197	79.835280	52
79.612364	79.774864	64
79.801947	79.912364	67
79.801947	79.970697	55
80.004030	80.141530	60
80.016530	80.293614	72
80.258197	80.489447	74
80.262364	80.497780	62
80.520697	80.824864	64
80.535280	81.126947	76
80.835280	81.489447	67
81.129030	81.510280	79
81.491530	81.672780	72
81.497780	81.764447	84
81.768614	82.018614	74
81.781114	81.958197	86
81.999864	82.312364	76
82.008197	82.339447	88
82.306114	82.522780	79
82.318614	82.601947	91
82.631114	82.924864	96
82.654030	82.916530	84
82.939447	83.162364	88
82.956114	83.270697	100
83.289447	83.360280	96
83.297780	83.333197	84
84.518614	85.258197	74
84.520697	85.212364	83
84.522780	85.216530	77
84.526947	85.126947	55
84.526947	85.191530	67
84.529030	85.224864	79
84.535280	85.160280	62
85.549864	85.999864	60
85.616530	85.964447	64
85.620697	85.824864	72
85.681114	85.943614	67
85.683197	85.829030	76
85.710280	85.874864	79
85.770697	85.876947	84
86.899864	87.433197	71
86.906114	87.376947	62
86.906114	87.393614	59
86.906114	87.462364	67
86.910280	87.426947	43
86.914447	87.351947	50
86.918614	87.329030	55
87.872780	88.026947	36
87.956114	88.108197	43
88.099864	88.201947	52
88.181114	88.541530	60
88.243614	88.554030	64
88.308197	88.606114	67
88.374864	88.614447	72
