5.918988	6.702344	69
6.535656	6.752331	64
6.587750	6.656506	36
6.625256	6.698163	48
6.652325	7.000256	70
7.048169	7.237744	58
7.216931	7.450238	60
7.377331	7.902325	81
7.389844	7.454419	64
8.008587	8.100262	79
8.016919	8.081494	64
8.025250	8.083569	60
8.033581	8.083569	58
8.589825	8.700238	36
8.629406	8.731488	48
8.633587	9.521069	74
8.637738	9.135663	70
8.975262	9.137738	58
9.108594	9.300244	60
9.227337	9.312756	64
9.875256	9.944012	64
9.881512	9.952344	58
9.883587	10.037762	76
9.906506	9.979413	60
10.418988	10.787762	69
10.437756	10.552319	41
10.450238	10.608594	53
10.502331	10.900250	79
10.800244	10.989819	57
10.969006	11.152325	60
11.110669	11.164837	65
11.127331	11.721081	77
11.704419	11.777325	65
11.727337	12.325238	74
11.739819	11.806500	57
11.746075	11.806500	60
12.306500	12.366925	41
12.316906	13.304425	72
12.333569	12.448163	53
12.333569	12.844006	69
12.660656	12.750256	57
12.660656	12.750256	59
12.798169	13.043988	60
12.971081	13.129406	65
13.569012	13.621075	65
13.579419	13.756512	69
13.606488	13.658581	60
13.614819	13.683575	57
14.181500	14.293988	36
14.204419	14.333569	48
14.244000	14.387738	64
14.302319	14.791913	69
14.616925	14.768994	58
14.752331	14.941906	60
14.871075	14.931500	64
14.923169	15.481488	72
15.477337	15.546094	64
15.487744	15.556500	58
15.514844	16.114819	70
16.048169	16.121075	36
16.087750	16.168988	48
16.100262	16.598156	67
16.116925	16.369000	64
16.400250	16.558575	58
16.535656	16.744000	60
16.683575	16.773175	64
17.268994	17.321087	64
17.277325	17.379406	70
17.285656	17.344006	58
17.306500	17.360669	60
17.691906	18.462750	65
17.741925	18.123181	68
17.789837	17.912762	41
17.793988	17.979413	53
17.800244	19.458569	71
17.900250	19.116925	74
18.198163	18.346081	56
18.335675	18.506512	59
18.450238	18.527325	62
18.971081	19.027325	62
18.991925	19.039837	56
18.991925	19.039837	59
19.508587	19.689831	41
19.543988	19.758587	53
19.579419	20.275250	72
19.589825	19.973156	69
19.598156	19.887738	65
19.893994	20.025250	57
20.014844	20.177319	60
20.150250	20.231488	65
20.185681	20.252331	67
20.725262	20.773175	65
20.739819	21.379406	69
20.752331	20.823163	57
20.781506	20.844006	60
21.233594	21.325238	36
21.241925	21.441906	64
21.254406	21.362744	48
21.346081	21.694012	70
21.764844	21.981488	58
21.950238	22.177319	60
22.127331	22.175244	64
22.156506	22.587750	81
22.723156	22.777325	64
22.741925	22.848156	79
22.746075	22.798169	58
22.764844	22.831494	60
23.331494	23.404431	36
23.362744	24.469006	74
23.366925	23.448163	48
23.375256	23.912762	70
23.666913	23.812756	58
23.800244	24.004406	60
23.948163	24.025250	64
24.543988	24.589825	64
24.558575	24.716931	76
24.562756	24.614819	58
25.006512	25.460675	69
25.056500	25.187756	38
25.094006	25.223156	50
25.150250	25.733594	79
25.439831	26.043988	53
25.600262	25.829419	57
25.746075	25.852337	62
25.756512	25.952344	77
26.302319	26.385663	62
26.310681	26.410656	57
26.333569	26.489819	67
26.823163	27.487744	67
26.833569	26.941906	34
26.860669	26.971081	46
26.898175	27.400250	69
26.966931	27.946087	76
27.271069	27.585675	55
27.398175	27.631512	58
27.541913	27.641919	62
28.135663	28.185681	62
28.146069	28.671094	74
28.152325	28.200238	58
28.152325	28.219006	55
28.546094	29.081494	65
28.602337	29.004406	69
28.619000	28.750256	36
28.664837	28.812756	48
28.696087	29.058575	72
29.006512	29.210675	53
29.158581	29.339825	57
29.302319	29.352337	60
29.310681	29.873181	64
29.875256	30.000256	53
29.877331	29.958569	65
30.268994	30.952344	48
30.460675	30.933575	58
30.487744	30.962750	60
30.594006	30.996075	64
30.725262	31.835675	69
31.879406	32.556500	67
32.529431	32.641919	57
32.537762	32.675244	53
32.560681	33.260663	65
32.571087	33.181500	60
33.212750	33.514844	41
33.496075	33.641919	45
33.643994	33.768994	48
33.800244	33.856488	53
33.964825	34.114819	57
34.123181	34.510663	60
34.543988	34.619000	65
35.844006	36.579419	69
36.402325	36.504406	36
36.418988	36.746075	64
36.437756	36.556500	48
36.512738	36.887738	70
36.812756	36.950238	58
36.962750	37.173169	60
37.108594	37.175244	64
37.150250	37.641919	81
37.710675	37.846081	79
37.712750	37.773175	64
37.719006	37.777325	58
38.262738	38.402325	36
38.298169	38.460675	48
38.327344	38.891919	70
38.327344	39.485669	74
38.656506	38.802319	58
38.779431	39.012738	60
38.956494	39.046094	64
39.566906	39.633587	58
39.569012	39.625256	64
39.571087	40.202344	76
39.591931	39.664837	60
40.077344	40.616925	69
40.121075	40.244000	41
40.131512	40.308575	53
40.185681	40.668988	79
40.483594	40.804425	57
40.654431	40.860669	60
40.791913	40.885663	65
40.791913	41.396069	77
41.356488	41.437756	65
41.373181	41.469006	57
41.385663	41.452344	60
41.393994	41.937756	74
41.914837	42.018994	41
41.946087	42.602337	72
41.950238	42.460675	69
41.952344	42.060681	53
42.252331	42.435681	57
42.377331	42.577344	60
42.539837	42.631512	65
43.152325	43.212750	65
43.168988	43.383587	69
43.181500	43.254406	57
43.187756	43.250256	60
43.721081	44.050244	64
43.729413	43.837750	36
43.735669	43.885663	48
43.812756	44.291913	69
44.104413	44.252331	58
44.256512	44.491925	60
44.402325	44.504406	64
44.444012	45.014844	72
45.018994	45.069012	64
45.027325	45.639844	70
45.031506	45.081494	58
45.562756	45.668988	36
45.608594	45.702344	48
45.639844	46.412762	67
45.652325	45.896069	64
46.104413	46.354413	60
46.285656	46.369000	64
46.883587	46.966931	58
46.883587	46.985669	70
46.889844	46.937756	64
46.910656	46.960675	60
47.352337	48.037762	65
47.404431	47.602337	68
47.433575	47.558575	41
47.471081	49.250256	71
47.477337	47.621075	53
47.529431	48.862744	74
47.837750	48.014844	56
48.006512	48.208569	59
48.156506	48.241925	62
48.723156	48.768994	62
48.737744	48.816906	56
48.739819	48.793988	59
49.331494	49.450238	41
49.348156	49.504406	53
49.358594	50.104413	72
49.369000	49.602337	65
49.371075	49.766919	69
49.648175	49.806500	57
49.796094	50.006512	60
49.944012	50.046094	65
50.523175	50.577344	65
50.548169	50.610669	57
50.548169	51.025250	69
50.550244	50.602337	60
51.029431	51.154431	36
51.033581	51.348156	64
51.066906	51.198163	48
51.146069	51.556500	70
51.437756	51.579419	58
51.571087	51.767163	60
51.702344	51.766919	64
51.785656	52.214825	81
52.316906	52.369000	64
52.327344	52.391919	58
52.339825	52.446087	79
52.887738	52.985669	36
52.927319	53.027325	48
52.954419	53.923169	74
52.956494	53.469006	70
53.268994	53.437756	58
53.410656	53.629406	60
53.560681	53.687756	64
54.181500	54.223156	64
54.189831	54.250256	58
54.194012	54.352337	76
54.212750	54.275250	60
54.677319	55.171094	69
54.733594	54.862744	38
54.758587	54.912762	50
54.800244	55.266919	79
55.100262	55.452344	53
55.271069	55.533581	57
55.431500	55.537762	62
55.431500	55.804425	77
56.066906	56.277325	69
56.071087	56.208569	57
56.079419	56.150250	62
56.085675	56.229413	53
56.577344	57.562756	67
56.591931	56.671094	34
56.614819	56.721081	46
56.639844	57.514844	69
56.731488	57.731488	76
57.060681	57.366925	55
57.223156	57.466931	58
57.375256	57.471081	62
57.979413	58.035656	58
57.981488	58.071087	55
57.983594	58.041913	62
57.985669	58.202344	74
58.446087	58.910656	65
58.514844	58.844006	69
58.523175	58.639844	36
58.537762	58.694012	48
58.581494	58.923169	72
58.906506	59.066906	53
59.062756	59.285656	57
59.214825	59.298169	60
59.248181	59.785656	64
59.850262	59.958569	65
59.856488	59.910656	60
59.856488	59.929425	57
59.866925	59.952344	53
60.331494	61.543988	48
60.452344	61.573163	58
60.485669	61.798169	60
60.554425	61.887738	64
60.673169	61.858594	69
61.925244	62.671094	67
62.641919	62.783581	57
62.646069	62.777325	65
62.650250	62.800244	53
62.652325	62.814831	60
63.341931	63.629406	41
63.348156	63.577344	53
63.612744	63.814831	45
63.614819	63.781506	57
63.789837	63.858594	60
63.800244	63.929425	48
63.966931	64.050244	53
63.979413	64.162762	65
64.198163	64.550244	69
64.235669	65.612744	57
64.489819	65.391919	60
64.529431	65.039837	72
64.973156	65.571087	65
64.989819	65.737744	77
66.802319	67.643994	69
67.546094	68.060681	50
67.569012	67.969006	74
68.052319	68.212750	69
68.069012	68.162762	62
68.075238	68.168988	57
68.075238	68.179425	65
68.298169	68.466931	74
68.302319	68.458569	50
68.496075	68.650250	69
68.502331	68.579419	62
68.523175	68.596081	57
68.523175	68.602337	65
68.671094	68.837750	74
68.683575	68.835675	50
68.841931	69.264844	69
68.846081	68.981488	62
68.850262	68.937756	57
68.864819	69.146069	65
69.104413	69.566906	50
69.196087	69.489819	77
69.514844	69.587750	62
69.527325	69.600262	65
69.527325	69.629406	69
69.537762	69.608594	57
69.700238	69.787762	62
69.714825	69.775250	57
69.714825	69.796094	65
69.719006	69.821087	69
69.866925	69.910656	62
69.877331	69.931500	57
69.889844	70.104413	65
69.893994	70.108594	69
70.098156	70.329419	74
70.308575	70.354413	62
70.308575	70.673169	69
70.312756	70.369000	57
70.319012	70.406506	65
70.550244	70.648175	45
70.602337	70.898175	73
70.916913	71.004406	61
70.925244	71.004406	64
70.935681	71.046094	69
70.937756	71.006512	57
70.944012	71.012738	67
71.106488	71.156506	61
71.114819	71.162762	57
71.116925	71.162762	64
71.133587	71.248181	69
71.143994	71.221081	67
71.310681	71.516919	67
71.310681	71.537762	69
71.533581	71.741925	76
71.737744	71.779431	64
71.737744	71.781506	61
71.752331	71.808575	57
71.758587	72.114819	69
71.773175	71.906506	67
72.027325	72.466931	50
72.079419	72.462750	74
72.352337	72.425244	62
72.366925	72.433575	57
72.371075	72.448163	69
72.387738	72.450238	65
72.550244	72.664837	69
72.556500	72.606488	62
72.560681	72.621075	57
72.560681	72.637738	65
72.725262	72.785656	57
72.729413	72.779431	62
72.735669	72.841931	69
72.746075	72.816906	65
72.944012	72.991925	62
72.944012	73.058575	69
72.946087	72.996075	57
72.952344	73.023175	65
73.254406	73.304425	69
73.271069	73.321087	62
73.271069	73.327344	65
73.275250	73.331494	57
73.789837	74.221081	46
73.798169	74.210675	65
74.198163	74.344006	53
74.198163	74.391919	62
74.202344	74.319012	50
74.216931	74.293988	58
74.439831	74.623181	46
74.446087	74.604413	65
74.627331	74.781506	62
74.650250	74.716931	53
74.656506	74.725262	50
74.662762	74.729413	58
74.812756	74.950238	46
74.812756	74.983594	65
75.010663	75.098156	53
75.016919	75.373181	62
75.018994	75.129406	50
75.050244	75.125256	58
75.248181	75.708569	46
75.323163	75.635663	67
75.639844	75.723156	62
75.641919	75.710675	55
75.648175	75.721081	50
75.654431	75.712750	58
75.829419	75.937756	62
75.835675	75.900250	58
75.839825	75.910656	50
75.841931	75.902325	55
76.000256	76.069012	55
76.016919	76.158581	62
76.021069	76.073163	50
76.027325	76.096081	58
76.231488	76.418988	67
76.460675	76.556500	62
76.462750	76.529431	58
76.466931	76.512738	55
76.471081	76.529431	50
76.754406	77.223156	45
76.812756	77.158581	69
77.162762	77.229413	57
77.162762	77.233594	52
77.168988	77.244000	64
77.173169	77.235669	61
77.358594	77.429425	52
77.358594	77.431500	57
77.369000	77.437756	61
77.369000	77.489819	64
77.535656	77.614819	57
77.537762	77.604413	52
77.558575	77.629406	61
77.571087	77.648175	64
77.716931	77.806500	57
77.721081	77.793988	52
77.741925	77.833569	61
77.746075	77.871075	64
77.931500	78.006512	57
77.935681	78.002331	52
77.948163	78.066906	61
77.952344	78.098156	64
78.198163	78.264844	57
78.198163	78.285656	52
78.204419	79.527325	64
78.214825	79.494000	61
78.554425	78.639844	58
78.556500	78.610669	46
78.814831	78.902325	57
78.823163	78.921094	45
79.037762	79.077344	55
79.037762	79.081494	43
79.258587	79.310681	53
79.262738	79.321087	41
79.539837	79.623181	52
79.539837	79.646069	40
79.860669	79.981488	38
79.871075	80.006512	50
79.893994	80.304425	74
80.287762	80.414837	62
80.291913	80.473156	69
80.319012	80.400250	57
80.327344	80.400250	53
80.329419	80.429425	65
80.523175	80.733594	74
80.716931	80.785656	62
80.727337	80.916913	69
80.731488	80.789837	53
80.739819	80.802319	57
80.744000	80.902325	65
80.923169	80.983594	62
80.931500	80.996075	57
80.937756	81.141919	74
80.941906	81.006512	53
81.121075	81.235669	62
81.125256	81.252331	57
81.125256	81.258587	53
81.133587	81.546094	69
81.150250	81.421094	65
81.377331	81.871075	50
81.494000	81.814831	77
81.806500	81.921094	69
81.808575	81.891919	65
81.823163	81.902325	53
81.825238	81.893994	57
81.827344	81.898175	62
81.996075	82.094006	62
82.010663	82.079419	57
82.018994	82.135663	69
82.029431	82.087750	65
82.031506	82.106488	53
82.208569	82.418988	65
82.208569	82.462750	69
82.431500	82.673169	74
82.648175	83.027325	69
82.658581	82.702344	62
82.660656	82.762738	65
82.668988	82.723156	57
82.679425	82.737744	53
82.873181	82.998181	45
82.954419	83.221081	73
83.241925	83.308575	61
83.244000	83.316906	64
83.254406	83.321087	57
83.258587	83.377331	69
83.275250	83.335675	67
83.431500	83.475262	61
83.441906	83.481488	64
83.441906	83.491925	57
83.460675	83.581494	69
83.475262	83.560681	67
83.643994	83.687756	64
83.648175	83.689831	61
83.650250	83.698163	57
83.664837	83.925244	69
83.671094	83.862744	67
83.877331	84.131512	76
84.110669	84.152325	64
84.110669	84.162762	61
84.114819	84.168988	57
84.123181	84.479413	69
84.135663	84.302319	67
84.396069	84.844006	50
84.425244	84.916913	74
84.719006	84.798169	62
84.731488	84.852337	69
84.737744	84.800244	57
84.737744	84.806500	53
84.750256	84.829419	65
84.918988	84.973156	57
84.925244	84.975262	62
84.925244	84.983594	53
84.939831	85.071087	69
84.950238	85.016919	65
85.146069	85.291913	69
85.154431	85.206494	62
85.156506	85.214825	57
85.156506	85.244000	53
85.162762	85.260663	65
85.369000	85.425244	62
85.375256	85.504406	69
85.379406	85.429425	57
85.387738	85.464825	53
85.387738	85.479413	65
85.604413	85.656506	53
85.614819	85.662762	57
85.614819	85.683575	69
85.619000	85.679425	62
85.637738	85.685681	65
85.650250	85.691906	51
86.037762	86.396069	34
86.052319	86.389844	46
86.058575	86.406506	65
86.069012	86.410656	53
86.414837	86.602337	58
86.431500	86.660656	62
86.643994	86.708569	46
86.643994	86.871075	65
86.650250	86.706494	34
86.668988	86.810681	53
86.871075	87.071087	58
86.871075	87.087750	62
87.064831	87.127331	46
87.064831	87.260663	65
87.073163	87.123181	34
87.083569	87.216931	53
87.287762	87.598156	58
87.296094	87.639844	62
87.479413	88.160656	34
87.502331	88.181500	46
87.591931	87.923169	67
87.610669	87.916913	55
87.885663	87.960675	58
87.885663	88.010663	62
88.102337	88.229413	62
88.106488	88.208569	58
88.314831	88.583569	62
88.325238	88.441906	58
88.575238	88.829419	67
88.589825	88.666913	46
88.598156	88.656506	34
88.600262	88.779431	55
88.837750	88.918988	58
88.846081	89.058575	62
89.116925	90.204419	33
89.119000	90.223156	45
89.141919	89.552319	69
89.146069	89.541913	57
89.489819	89.552319	61
89.489819	89.579419	64
89.714825	89.844006	64
89.721081	89.779431	61
89.923169	90.071087	64
89.929425	90.039837	61
90.181500	90.327344	64
90.185681	90.291913	61
90.402325	90.450238	64
90.402325	90.452344	61
90.596081	90.973156	34
90.671094	90.998181	46
90.733594	90.971081	74
90.739819	90.966931	62
90.977337	91.018994	70
91.004406	91.069012	65
91.231488	91.481488	65
91.235669	91.373181	46
91.244000	91.439831	53
91.248181	91.379406	34
91.473156	91.675244	58
91.477337	91.702344	62
91.666913	91.783581	46
91.677319	91.912762	67
91.681500	91.754406	34
91.704419	91.860669	55
91.914837	91.956494	58
91.929425	91.975262	62
92.043988	92.969006	33
92.135663	92.973156	45
92.237744	92.614819	69
92.248181	92.571087	57
92.541913	92.598156	61
92.541913	92.602337	64
92.752331	92.873181	64
92.754406	92.829419	61
92.964825	93.102337	64
92.971081	93.085675	61
93.189831	93.312756	61
93.196087	93.348156	64
93.404431	93.456494	61
93.410656	93.454419	64
93.594006	94.010663	34
93.652325	94.029431	46
93.714825	93.987744	62
93.719006	93.969006	74
93.973156	94.018994	70
93.991925	94.056500	65
94.237744	94.512738	65
94.248181	94.356488	46
94.254406	94.491925	53
94.264844	94.348156	34
94.514844	94.758587	58
94.518994	94.793988	62
94.758587	94.927319	46
94.771069	94.916913	34
94.771069	95.104413	67
94.785656	95.071087	55
95.110669	95.162762	58
95.125256	95.185681	62
95.623181	96.016919	33
96.033581	96.083569	45
96.323163	98.123150	52
96.616925	98.004437	57
96.773175	96.848187	61
96.958600	97.027325	65
97.069012	97.218976	69
97.189862	97.287762	73
97.352337	97.487774	76
97.477337	97.612774	81
97.583600	97.648175	85
97.737774	97.879437	88
97.848187	98.108563	93
97.956524	98.108563	97
98.087750	98.285687	100
98.196087	98.325238	97
98.300274	98.400250	93
98.418988	98.477337	88
98.587750	98.648175	86
98.683575	98.841900	81
98.831524	98.910687	76
99.010663	99.091900	73
99.198163	99.364850	69
99.400250	99.477337	64
99.616925	99.846112	61
99.891888	100.179425	57
100.177350	100.369000	52
100.506512	100.854413	49
100.885663	101.435650	45
101.362774	101.468976	40
101.423138	103.521100	33
