3.138000	5.619250	43
3.513000	4.633833	50
3.852583	4.785917	55
4.200500	5.092167	59
4.940083	5.663000	50
5.273417	5.577583	55
5.592167	6.583833	59
5.944250	8.477583	43
6.279667	7.233833	50
6.610917	7.358833	55
6.973417	7.702583	59
6.975500	7.700500	62
7.663000	8.071333	50
8.010917	8.842167	62
8.023417	8.819250	59
8.033833	8.423417	55
8.402583	8.629667	50
8.744250	9.213000	43
9.083833	9.329667	50
9.394250	9.540083	55
9.400500	9.710917	67
9.717167	10.104667	69
9.735917	10.023417	59
10.038000	10.288000	62
10.046333	10.463000	71
10.367167	10.467167	59
10.369250	10.698417	69
10.700500	11.065083	67
11.048417	11.379667	71
11.304667	11.550500	62
11.317167	12.513000	47
11.358833	11.615083	66
11.688000	12.033833	66
11.690083	12.502583	54
11.719250	12.048417	62
12.021333	12.521333	59
12.352583	14.431750	66
12.358833	14.358833	62
13.040083	13.533833	47
13.369250	13.619250	54
13.390083	13.608833	59
14.065083	15.948417	48
14.421333	15.427583	52
14.729667	14.902583	67
14.744250	15.392167	60
15.077583	15.175500	67
15.260917	15.742167	67
15.735917	16.085917	66
16.075500	16.173417	64
16.083833	16.198417	55
16.379667	16.483833	59
16.417167	16.485917	52
16.648417	16.952583	59
16.708833	18.279667	43
16.750500	16.956750	62
17.071333	17.423417	62
17.083833	17.444250	59
17.129667	17.365083	50
17.385917	18.304667	55
17.725500	19.802583	62
17.731750	19.619250	59
18.729667	18.917167	42
19.454667	20.163000	36
19.829667	20.179667	43
20.133833	20.279667	60
20.171333	20.235917	48
20.477583	20.617167	60
20.804667	21.196333	60
20.829667	21.519250	48
20.835917	21.496333	52
21.138000	21.498417	59
21.465083	21.760917	57
21.777583	22.510917	55
22.021333	22.313000	43
22.148417	22.508833	59
22.435917	23.217167	62
22.448417	22.646333	50
22.744250	22.877583	42
23.100500	24.840083	67
23.431750	23.865083	40
23.767167	23.906750	47
24.108833	24.179667	52
24.804667	24.929667	43
24.817167	26.044250	45
25.154667	25.527583	52
25.425500	25.760917	60
25.458833	26.056750	57
25.479667	25.708833	64
25.500500	25.677583	67
25.563000	25.929667	71
25.840083	26.071333	69
26.581750	26.900500	49
26.883833	27.158833	57
26.890083	27.608833	67
27.200500	27.369250	61
27.535917	29.288000	50
27.596333	28.250500	69
27.931750	28.825500	57
28.273417	28.785917	62
28.615083	28.969510	67
28.973417	29.335917	66
28.975500	29.321333	57
28.981750	29.081750	62
29.313000	29.446333	62
29.317167	29.690083	67
29.677583	29.827583	64
29.704667	31.248417	69
30.127583	30.463000	66
31.010917	31.756750	55
31.385917	31.588000	59
31.677583	31.971333	62
31.685917	32.017167	79
31.698417	32.110917	74
32.008833	32.360917	81
32.010917	32.140083	67
32.321333	32.542167	71
32.329667	32.706750	83
32.631750	32.748417	74
32.646333	32.967167	81
32.973417	33.315083	79
33.294250	33.656750	83
33.529667	33.808833	74
33.573417	34.731750	59
33.610917	33.833833	78
33.902583	34.702583	66
33.917167	34.204667	78
34.227583	34.621333	71
34.565083	36.738000	78
35.192167	35.577583	62
35.525500	35.781750	66
35.558833	35.800500	71
35.858833	35.917167	62
36.194250	37.733833	60
36.533833	37.400500	64
36.865083	37.004667	79
36.867167	37.450500	72
37.204667	37.263000	79
37.379667	37.433833	79
37.907010	38.273417	78
37.910917	38.119250	72
37.967167	38.204667	64
38.246333	38.427583	67
38.260917	38.513000	76
38.567167	38.621333	64
38.567167	38.635917	71
38.804667	39.173417	71
38.900500	40.008833	55
38.913000	39.165083	74
39.246333	39.675500	62
39.269250	39.498417	74
39.273417	39.504667	71
39.560917	40.071333	67
39.915083	41.723417	74
39.917167	41.904667	71
40.592167	40.958833	59
40.938000	41.185917	62
40.950500	41.181750	67
41.623417	42.925500	57
41.965083	42.306750	60
42.288000	42.998417	64
42.292167	42.444250	72
42.627583	42.773417	72
42.952583	43.288000	72
43.248417	43.317167	55
43.273417	43.660917	71
43.608833	43.942167	69
43.925500	43.990083	54
43.952583	44.440083	67
44.240083	45.000500	52
44.331750	45.027583	71
44.631750	44.969250	55
44.904667	45.038000	64
44.921333	47.640083	74
45.215083	45.348417	50
45.529667	47.077583	71
45.538000	46.073417	48
45.669250	47.898417	79
45.996333	46.396333	55
46.363000	46.558833	62
46.367167	46.475500	64
46.731750	46.790083	55
47.335917	48.056750	50
47.756750	48.088000	57
48.119250	48.219250	62
48.569250	48.769250	81
48.763000	48.948417	83
48.973417	49.996333	81
48.990083	49.548417	62
49.302583	49.556750	69
49.656750	49.842167	66
49.979667	50.144250	79
50.348417	52.602583	55
50.367167	51.025500	79
50.388000	50.896333	71
50.758833	51.527583	62
51.102583	51.542167	67
51.440083	51.794250	72
51.823417	52.173417	67
51.831750	52.540083	71
51.846333	52.027583	62
52.523417	52.710917	62
52.540083	53.833833	67
53.294250	53.954667	43
53.654667	54.025500	55
53.919250	54.083833	79
54.271333	54.460917	79
54.594250	54.948417	62
54.598417	55.429667	55
54.604667	54.796333	79
54.929667	55.425500	59
54.940083	55.494250	67
55.290083	55.656750	81
55.633833	55.842167	79
55.802583	56.321333	77
55.969250	56.592167	48
56.306750	56.583833	55
56.315083	56.490083	76
56.638000	56.690083	60
56.642167	59.085917	76
56.940083	57.431750	60
57.290083	57.579667	64
57.606750	57.769250	67
57.917167	57.996333	64
58.260917	58.327583	59
58.631750	59.827583	57
58.967167	59.406750	64
59.306750	59.788000	69
59.392167	59.529667	81
59.698417	59.838000	81
60.040083	60.771333	81
60.052583	60.802583	72
60.365083	60.771333	57
60.379667	60.758833	69
60.692167	60.848417	79
61.260917	61.440083	72
61.342167	61.498417	74
61.402583	61.731750	78
61.404667	62.663000	50
61.740083	61.942167	79
61.740083	62.067167	57
61.908833	62.081750	78
62.098417	62.381750	74
62.406750	62.527583	72
62.413000	62.575500	62
62.756750	63.038000	57
63.100500	63.267167	67
63.108833	63.208833	50
63.250500	63.431750	66
63.450500	63.581750	50
63.454667	63.858833	62
63.817167	64.394250	60
64.221333	65.240083	43
64.638000	65.044250	50
64.992167	65.288000	67
65.000500	65.429667	62
65.008833	65.254667	55
65.298417	65.358833	50
65.298417	65.519250	69
65.558833	65.856750	62
65.602583	65.769250	67
65.685917	66.119250	71
65.979667	66.167167	55
66.002583	66.333833	69
66.346333	66.413000	59
66.346333	66.713000	67
66.694250	66.890083	71
66.921333	67.223417	62
67.004667	69.273417	47
67.044250	67.302583	66
67.402583	67.731750	54
67.704667	67.950500	74
67.738000	67.900500	78
67.769250	68.129667	59
67.785917	68.117167	86
68.106750	68.313000	83
68.294250	68.456750	78
68.435917	68.515083	74
68.802583	69.208833	59
69.129667	69.458833	62
69.129667	69.804667	66
69.460917	69.531750	54
69.815083	70.215083	67
69.833833	70.731750	48
69.835917	70.213000	64
70.171333	70.533833	55
70.477583	70.625500	67
70.496333	70.665083	64
70.827583	70.908833	67
71.017167	71.379667	67
71.231750	71.552583	60
71.548417	71.763000	55
71.558833	71.785917	69
71.719250	72.306750	67
71.921333	72.185917	52
72.263000	72.721333	66
72.602583	73.621333	43
72.690083	73.096333	62
73.031750	73.477583	50
73.344250	73.638000	55
73.690083	74.138000	59
74.044250	74.723417	42
74.394250	74.775500	50
74.744250	75.006750	69
74.758833	74.821333	54
74.767167	74.950500	57
74.773417	75.123417	62
75.333833	75.929667	59
75.396333	75.938000	62
75.425500	75.823417	40
75.479667	76.006750	67
75.827583	75.925500	47
76.148417	76.273417	59
76.152583	76.321333	62
76.171333	76.260917	55
76.467167	76.529667	62
76.475500	76.529667	59
76.523417	76.613000	52
76.642167	76.858833	62
76.652583	77.054667	59
76.856750	76.998417	55
77.167167	77.498417	60
77.181750	77.506750	57
77.248417	77.319250	52
77.508833	77.865083	59
77.515083	77.856750	55
77.529667	77.590083	52
77.858833	78.267167	57
77.867167	78.256750	60
78.231750	78.619250	40
78.244250	79.519250	55
78.244250	79.540083	59
78.588000	78.856750	43
78.944250	79.258833	42
79.294250	79.406750	43
79.648417	80.513000	36
79.727583	80.517167	59
79.731750	80.427583	55
80.827583	80.973417	55
81.019250	81.277583	57
81.217167	81.567167	33
81.235917	81.925500	59
81.590083	81.654667	45
81.873417	82.150500	45
81.906750	82.746333	60
82.233833	82.310917	52
82.633833	83.473417	38
82.700500	83.013000	59
83.054667	83.144250	57
83.108833	83.452583	45
83.154667	83.240083	59
83.242167	83.446333	57
83.408833	83.467167	50
83.429667	83.835917	55
83.785917	84.250500	54
84.079667	86.144250	31
84.194250	84.554667	55
84.567167	86.063000	43
84.731750	84.869250	50
84.888000	85.035917	55
85.058833	85.148417	59
85.263000	85.458833	62
85.448417	85.579667	65
85.704667	86.290083	74
85.706750	86.313000	71
87.171333	87.544250	48
87.515083	87.642167	55
87.815083	87.994250	72
87.852583	87.929667	60
88.160917	88.227583	72
88.171333	88.663000	64
88.329667	88.988000	72
88.923417	89.329667	71
89.283833	89.583833	69
89.623417	90.777583	67
89.919250	90.294250	55
90.013000	90.740083	71
90.338000	90.600500	62
90.646333	90.908833	54
90.692167	91.358833	74
91.050500	91.121333	62
91.352583	91.846333	67
91.427583	91.992167	71
91.498417	93.456750	52
91.571333	92.113000	79
92.169250	93.446333	59
92.765083	92.900500	86
92.808833	93.198417	91
92.810917	93.350500	64
92.875500	93.613000	95
94.260917	94.875760	69
94.613000	94.931750	76
94.935917	95.271333	95
94.942167	95.067167	81
94.960917	95.242167	84
94.965083	95.329667	88
95.363000	95.796333	93
95.779667	96.642167	74
95.783833	96.354667	91
95.800500	96.260917	86
96.260917	96.658833	90
96.269250	96.608833	78
96.625500	96.792167	81
96.638000	97.025500	88
97.013000	97.529667	90
97.438000	100.556750	67
97.469250	98.240083	91
97.896333	98.333833	74
98.244250	98.631750	79
98.269250	99.140083	84
98.638000	99.098417	74
99.150500	99.804667	86
99.150500	100.069250	79
99.175500	99.921333	83
100.060917	100.506750	84
100.081750	100.485917	81
100.494250	101.165083	83
100.510917	100.696333	74
100.517167	101.256750	79
101.073417	102.058833	60
101.473417	102.008833	67
101.613000	102.179667	72
101.688000	102.892167	76
101.798417	102.913000	79
102.838000	103.738000	78
102.844250	103.350500	72
102.860917	103.629667	74
103.242167	103.656750	57
103.644250	104.100500	69
103.652583	103.925500	62
104.092167	104.160917	66
104.123417	104.683833	72
104.665083	105.150500	62
104.669250	105.077583	71
104.675500	105.179667	55
105.165083	105.367167	59
105.538000	105.898417	67
105.540083	105.933833	62
105.885917	106.742167	55
106.213000	106.700500	59
106.298417	106.344250	50
106.631750	107.383833	43
107.038000	107.994250	50
107.408833	108.092167	38
108.004667	109.481750	31
108.160917	109.631750	43
108.267167	109.756750	50
108.338000	109.752583	55
