4.315290	4.592373	50
4.331957	4.604873	62
4.600707	4.840290	64
4.604873	4.836123	52
4.811123	4.950707	65
4.819457	5.096540	53
5.006957	5.200707	55
5.011123	5.223623	67
5.219457	5.417373	57
5.246540	5.452790	69
5.459040	5.656957	59
5.459040	5.694457	71
5.696540	5.902790	60
5.702790	5.950707	72
5.973623	6.223623	62
5.994457	6.288207	74
6.281957	6.431957	60
6.290290	6.500707	72
6.465290	6.529873	59
6.490290	6.644457	71
6.609040	6.802790	57
6.671540	6.834040	69
6.815290	7.006957	55
6.848623	7.059040	67
7.021540	7.225707	53
7.021540	7.231957	65
7.229873	7.425707	64
7.250707	7.402790	52
7.425707	7.613207	50
7.434040	7.581957	62
7.598623	7.784040	64
7.617373	7.784300	52
7.756957	7.877790	65
7.771540	8.002790	53
7.917373	8.088207	55
7.919457	8.038207	67
8.084040	8.240290	57
8.092373	8.271540	69
8.265290	8.427790	71
8.267373	8.427790	59
8.436123	8.619457	60
8.459040	8.654873	72
8.623623	8.802790	62
8.648623	8.829873	74
8.819457	8.996540	55
8.827790	8.975707	67
8.986123	9.194457	69
8.996540	9.186123	57
9.169457	9.277790	71
9.173623	9.381957	59
9.315290	9.544457	60
9.338207	9.452790	72
9.540290	9.715290	62
9.540290	9.723623	74
9.748623	9.967373	76
9.756957	9.950707	64
9.977790	10.227790	65
9.988207	10.244457	77
10.223623	10.492373	67
10.242373	10.509040	79
10.494457	10.690290	76
10.502790	10.684040	64
10.719457	11.009040	60
10.721540	10.875707	72
10.904873	10.994457	67
10.950707	11.092373	64
11.121540	11.277790	67
11.125707	11.281957	72
11.313207	11.490290	64
11.321540	11.523623	76
11.504873	11.719457	60
11.525707	11.763207	79
11.725707	11.871540	64
11.742373	11.898623	76
11.890290	12.023623	67
11.938207	12.069457	72
12.138207	12.292373	76
12.142373	12.336123	60
12.340290	12.461123	64
12.340290	12.490290	72
12.500707	12.648623	67
12.721540	12.873623	72
12.729873	12.913207	64
12.921540	13.104873	76
12.934040	13.131957	60
13.131957	13.381957	79
13.148623	13.313207	64
13.342373	13.529873	76
13.375707	13.548623	67
13.575707	13.648623	64
13.629873	13.692373	72
13.829873	14.038207	69
13.831957	14.059040	62
14.063207	14.263207	64
14.071540	14.281957	71
14.254873	14.456957	65
14.269457	14.361123	72
14.431957	14.623623	67
14.454873	14.619457	74
14.636123	14.817373	69
14.640290	14.846540	76
14.836123	15.011123	77
14.838207	15.034040	71
15.029873	15.204873	72
15.042373	15.206957	79
15.223623	15.388207	74
15.234040	15.456957	81
15.421540	15.559040	72
15.431957	15.625707	79
15.598623	15.679873	71
15.613207	15.809040	77
15.771540	15.956957	69
15.804873	15.988207	76
15.986123	16.198623	67
16.000707	16.236123	74
16.204873	16.446540	72
16.209040	16.375707	65
16.431957	16.692373	71
16.434040	16.661123	64
16.684040	16.959040	69
16.690290	16.892373	62
17.006957	17.123623	71
17.009040	17.079873	64
17.356957	17.488207	69
17.381957	17.802790	65
17.627790	17.721540	72
17.648623	17.796540	69
17.831957	17.963207	72
17.852790	17.898623	76
18.071540	18.292373	81
18.075707	18.190290	76
18.300707	18.373623	72
18.302790	18.434040	76
18.500707	18.619457	72
18.504873	18.567373	69
18.694457	18.767373	69
18.734040	18.848623	65
18.879873	18.944457	69
18.906957	19.036123	72
19.096540	19.165290	69
19.131957	19.304873	65
19.313207	19.365290	72
19.323623	19.456957	69
19.494457	19.652790	72
19.521540	19.575707	76
19.700707	19.771540	76
19.729873	19.919457	81
19.921540	19.975707	72
19.925707	20.034040	76
20.127790	20.204873	69
20.131957	20.267373	72
20.346540	20.436123	69
20.352790	20.442373	65
20.561123	20.615290	72
20.565290	20.617373	69
20.777790	21.073623	64
20.788207	20.892373	72
20.988207	21.056957	76
20.994457	21.129873	67
21.186123	21.321540	72
21.190290	21.340290	79
21.384040	21.627790	84
21.404873	21.475707	76
21.581957	21.694457	72
21.581957	21.725707	79
21.802790	21.909040	76
21.809040	21.875707	67
21.979873	22.044457	72
21.998623	22.117373	64
22.184040	22.277790	67
22.190290	22.336123	76
22.379873	22.486123	72
22.402790	22.584040	64
22.586123	22.652790	76
22.598623	22.738207	67
22.794457	22.900707	79
22.794457	22.936123	72
22.965290	23.046540	76
23.004873	23.202790	84
23.198623	23.331957	79
23.202790	23.298623	72
23.390290	23.481957	67
23.406957	23.548623	76
23.579873	23.717373	72
23.604873	23.742373	64
23.809040	23.865290	76
23.819457	23.873623	67
24.048623	24.173623	74
24.063207	24.413207	67
24.267373	24.429873	71
24.273623	24.373623	79
24.465290	24.613207	74
24.481957	24.602790	83
24.665290	24.750707	79
24.677790	24.938207	86
24.892373	24.971540	74
24.892373	25.029873	83
25.071540	25.173623	71
25.094457	25.229873	79
25.273623	25.361123	74
25.309040	25.396540	67
25.479873	25.561123	71
25.490290	25.623623	79
25.686123	25.796540	74
25.700707	25.927790	67
25.892373	26.015290	79
25.896540	26.050707	71
26.100707	26.246540	74
26.109040	26.263207	83
26.306957	26.413207	79
26.325707	26.581957	86
26.536123	26.652790	74
26.550707	26.700707	83
26.746540	26.921540	79
26.773623	26.869457	71
26.977790	27.115290	74
26.986123	27.261123	88
27.256957	27.309040	71
27.288207	27.367373	83
27.311123	27.369457	81
27.631957	28.056957	60
27.902790	28.031957	72
27.921540	28.073623	64
28.119457	28.263207	67
28.134040	28.277790	76
28.317373	28.492373	72
28.338207	28.521540	79
28.536123	28.752790	84
28.538207	28.711123	67
28.744457	28.931957	79
28.759040	28.906957	64
28.969457	29.161123	76
29.004873	29.104873	64
29.206957	29.436123	79
29.229873	29.346540	67
29.444457	29.969457	60
29.467373	29.544457	72
29.673623	29.834040	72
29.904873	30.056957	64
29.906957	30.073623	76
30.109040	30.302790	67
30.113207	30.323623	79
30.342373	30.552790	84
30.344457	30.502790	72
30.571540	30.715290	67
30.571540	30.756957	79
30.827790	30.950707	64
30.827790	31.002790	76
31.075707	31.123623	67
31.090290	31.144457	79
31.392373	31.896540	57
31.406957	31.698623	69
31.684040	31.875707	60
31.688207	31.896540	72
31.915290	32.096540	64
31.952790	32.113207	76
32.159040	32.329873	60
32.159040	32.342373	72
32.396540	32.659040	81
32.404873	32.561123	69
32.642373	32.846540	72
32.661123	32.813207	60
32.873623	32.988207	64
32.879873	33.071540	76
33.113207	33.386123	72
33.117373	33.171540	60
33.354873	33.629873	53
33.373623	33.671540	69
33.642373	33.848623	72
33.646540	33.809040	60
33.863207	33.990290	64
33.869457	34.034040	76
34.067373	34.273623	60
34.084040	34.252790	72
34.315290	34.465290	69
34.315290	34.619457	81
34.546540	34.679873	60
34.556957	34.825707	72
34.767373	34.900707	64
34.804873	35.011123	76
35.061123	35.117373	60
35.061123	35.365290	72
35.340290	36.015290	52
35.359040	35.844457	67
35.717373	35.984040	72
35.769457	35.850707	55
35.969457	36.104873	60
35.977790	36.202790	76
36.202790	36.450707	55
36.204873	36.461123	72
36.440290	36.734040	79
36.450707	36.615290	64
36.681957	36.871540	60
36.681957	36.950707	72
36.927790	37.213207	76
36.942373	37.136123	64
37.196540	37.488207	72
37.221540	37.271540	55
37.467373	38.575707	55
37.494457	37.956957	67
37.848623	38.123623	71
37.865290	38.152790	62
38.098623	38.367373	74
38.119457	38.296540	67
38.361123	38.554873	71
38.365290	38.569457	62
38.604873	38.773623	67
38.627790	38.896540	79
38.865290	39.019457	62
38.892373	39.152790	71
39.090290	39.273623	55
39.125707	39.377790	74
39.400707	39.461123	71
39.404873	39.465290	62
39.767373	40.138207	50
39.794457	40.209040	62
40.127790	40.379873	52
40.131957	40.350707	64
40.367373	40.577790	53
40.367373	40.638207	65
40.577790	40.871540	55
40.636123	40.846540	67
40.886123	41.117373	57
40.896540	41.121540	69
41.127790	41.406957	71
41.156957	41.467373	59
41.400707	41.656957	72
41.411123	41.679873	60
41.659040	42.094457	74
41.661123	41.948623	62
41.946540	42.406957	60
42.056957	42.390290	72
42.404873	42.594457	74
42.411123	42.604873	62
42.654873	42.861123	72
42.667373	42.859040	60
42.867373	43.023623	62
42.884040	43.115290	74
43.106957	43.344457	71
43.119457	43.286123	59
43.329873	43.544457	72
43.348623	43.498623	60
43.550707	43.790290	71
43.621540	43.721540	59
43.802790	44.090290	72
43.834040	43.906957	60
44.125707	44.377790	69
44.127790	44.363207	57
44.367373	44.571540	71
44.386123	44.563207	59
44.565290	44.656957	72
44.596540	44.784040	60
44.763207	44.959040	74
44.771540	44.946540	62
44.994457	45.142373	64
45.002790	45.171540	76
45.184040	45.390290	65
45.196540	45.388207	77
45.404873	45.611123	67
45.419457	45.611123	79
45.613207	45.806957	69
45.636123	45.827790	81
45.842373	46.065290	67
45.852790	46.071540	79
46.071540	46.238207	69
46.071540	46.244457	81
46.273623	46.481957	79
46.279873	46.434040	67
46.492373	46.725707	77
46.494457	46.581957	65
46.665290	46.884040	64
46.721540	46.938207	76
46.929873	47.119457	62
46.946540	47.186123	74
47.165290	47.417373	72
47.171540	47.342373	60
47.423623	47.723623	71
47.436123	47.565290	59
47.673623	47.963207	57
47.702790	47.944457	69
47.954873	48.204873	71
47.963207	48.194457	59
48.188207	48.319457	72
48.198623	48.419457	60
48.404873	48.702790	76
48.409040	48.688207	62
48.667373	48.896540	79
48.675707	48.971540	64
48.921540	49.200707	84
48.975707	49.181957	62
49.177790	49.519457	88
49.211123	49.390290	64
49.475707	49.663207	84
49.494457	49.623623	62
49.821540	50.163207	55
50.071540	50.379873	67
50.104873	50.367373	57
50.331957	50.567373	69
50.334040	50.527790	59
50.527790	50.711123	60
50.552790	50.765290	71
50.769457	50.979873	62
50.779873	50.988207	72
51.019457	51.254873	74
51.263207	51.306957	60
51.263207	51.531957	72
51.523623	51.615290	71
51.865290	52.304873	57
51.896540	52.325707	41
52.267373	52.548623	43
52.281957	52.540290	59
52.527790	52.688207	60
52.538207	52.756957	45
52.740290	52.934040	47
52.740290	52.992373	62
52.959040	53.121540	48
52.984040	53.202790	64
53.190290	53.411123	65
53.192373	53.409040	50
53.415290	53.625707	52
53.425707	53.573623	67
53.631957	53.875707	69
53.648623	53.869457	53
53.865290	54.081957	71
53.867373	54.090290	55
54.069457	54.238207	72
54.086123	54.334040	57
54.296540	54.531957	74
54.300707	54.502790	59
54.513207	54.688207	60
54.534040	54.723623	76
54.765290	55.009040	77
54.767373	55.017373	62
55.000707	55.256957	64
55.025707	55.298623	79
55.279873	55.556957	65
55.313207	55.640290	81
55.609040	55.661123	64
55.636123	55.961123	79
55.979873	56.367373	55
56.002790	56.263207	71
56.294457	56.427790	74
56.306957	56.484040	62
56.506957	56.588207	79
56.519457	56.627790	67
56.727790	57.002790	83
56.754873	56.923623	71
56.963207	57.184040	74
56.969457	57.186123	86
57.177790	57.419457	91
57.202790	57.396540	79
57.404873	57.673623	95
57.415290	57.575707	74
57.625707	57.771540	71
57.644457	57.869457	91
57.848623	58.067373	74
57.871540	58.067373	86
58.079873	58.361123	67
58.081957	58.302790	83
58.302790	58.525707	74
58.309040	58.463207	86
58.521540	58.640290	91
58.525707	58.744457	79
58.746540	58.986123	95
58.777790	59.006957	74
58.981957	59.196540	98
58.988207	59.159040	71
59.236123	59.525707	107
59.240290	59.502790	103
59.265290	59.369457	74
59.523623	59.571540	98
59.984040	60.327790	72
60.284040	60.459040	84
60.302790	60.542373	74
60.500707	60.734040	86
60.527790	60.742373	76
60.729873	60.913207	88
60.729873	61.098623	77
60.969457	61.200707	89
61.186123	61.384040	91
61.211123	61.379873	77
61.417373	61.644457	93
61.423623	61.521540	76
61.652790	61.846540	95
61.673623	61.763207	74
61.892373	62.381957	72
62.134040	62.331957	88
62.361123	62.571540	74
62.367373	62.586123	89
62.571540	62.788207	76
62.581957	62.727790	91
62.779873	62.994457	77
62.809040	63.013207	93
63.009040	63.242373	79
63.011123	63.259040	95
63.256957	63.521540	81
63.263207	63.488207	96
63.509040	63.750707	98
63.515290	63.750707	83
63.759040	64.015290	84
63.765290	64.079873	100
64.004873	64.225707	98
64.006957	64.184040	86
64.234040	64.425707	84
64.234040	64.427790	96
64.465290	64.521540	95
64.469457	64.590290	83
64.738207	65.025707	77
64.742373	64.994457	88
64.994457	65.202790	81
65.000707	65.165290	91
65.219457	65.396540	84
65.231957	65.411123	95
65.423623	65.579873	88
65.436123	65.677790	98
65.640290	65.794457	84
65.661123	65.819457	95
65.863207	65.998623	91
65.867373	65.956957	81
66.067373	66.173623	88
66.067373	66.202790	77
66.271540	66.438207	81
66.294457	66.406957	91
66.473623	66.629873	84
66.490290	66.656957	95
66.688207	66.798623	88
66.694457	66.915290	98
66.904873	67.054873	84
66.904873	67.088207	95
67.148623	67.202790	81
67.148623	67.223623	91
67.392373	67.677790	74
67.429873	67.519457	84
67.444457	67.527790	86
67.629873	67.831957	77
67.652790	67.804873	89
67.850707	68.009040	93
67.865290	68.031957	81
68.065290	68.190290	86
68.071540	68.327790	96
68.281957	68.442373	93
68.286123	68.431957	81
68.502790	68.681957	89
68.525707	68.602790	77
68.723623	68.800707	84
68.736123	68.869457	74
68.921540	69.096540	77
68.942373	69.079873	89
69.171540	69.327790	81
69.177790	69.342373	93
69.377790	69.506957	86
69.384040	69.611123	96
69.604873	69.809040	93
69.629873	69.773623	81
69.865290	69.992373	89
69.884040	69.936123	77
70.119457	70.838207	72
70.173623	70.256957	86
70.179873	70.425707	88
70.427790	70.631957	91
70.427790	70.715290	76
70.667373	70.844457	79
70.667373	70.846540	95
70.886123	71.127790	98
70.890290	71.044457	83
71.104873	71.261123	79
71.106957	71.286123	95
71.325707	71.450707	91
71.342373	71.427790	76
71.546540	71.694457	72
71.546540	71.702790	88
71.746540	71.954873	76
71.761123	71.900707	91
71.942373	72.144457	79
71.967373	72.152790	95
72.175707	72.402790	98
72.213207	72.279873	84
72.213207	72.302790	83
72.396540	72.552790	79
72.396540	72.584040	95
72.656957	72.698623	91
72.681957	72.723623	76
72.950707	73.525707	67
72.990290	73.323623	83
73.281957	73.500707	71
73.284040	73.463207	86
73.517373	73.711123	74
73.527790	73.734040	89
73.734040	73.917373	77
73.746540	73.996540	93
73.967373	74.171540	89
73.975707	74.127790	74
74.200707	74.384040	86
74.202790	74.327790	71
74.427790	74.594457	67
74.429873	74.621540	83
74.652790	74.877790	71
74.659040	74.840290	86
74.875707	75.069457	74
74.884040	75.090290	89
75.106957	75.394457	93
75.111123	75.169457	77
75.367373	75.573623	89
75.617373	75.663207	86
75.871540	76.194457	76
75.881957	76.336123	60
76.131957	76.361123	64
76.150707	76.306957	79
76.359040	76.561123	67
76.377790	76.588207	83
76.590290	76.771540	71
76.594457	76.819457	86
76.827790	77.004873	83
76.836123	76.984040	67
77.065290	77.163207	64
77.073623	77.263207	79
77.290290	77.600707	60
77.300707	77.606957	76
77.521540	77.740290	64
77.540290	77.736123	79
77.752790	77.929873	67
77.769457	77.992373	83
77.969457	78.161123	71
77.990290	78.223623	88
78.211123	78.381957	67
78.211123	78.409040	83
78.440290	78.648623	79
78.454873	78.571540	64
78.646540	78.925707	60
78.656957	78.934040	76
78.877790	79.044457	79
78.915290	79.134040	64
79.115290	79.338207	83
79.123623	79.309040	67
79.319457	79.515290	71
79.340290	79.590290	86
79.561123	79.717373	67
79.565290	79.746540	83
79.813207	79.990290	79
79.815290	79.904873	64
80.019457	80.290290	76
80.023623	80.254873	60
80.236123	80.459040	64
80.250707	80.421540	79
80.469457	80.671540	67
80.473623	80.698623	83
80.694457	80.896540	71
80.696540	80.948623	84
80.931957	81.084040	67
80.931957	81.100707	83
81.154873	81.259040	64
81.156957	81.384040	79
81.363207	81.631957	60
81.386123	81.600707	76
81.592373	81.790290	79
81.596540	81.846540	64
81.827790	82.034040	67
81.829873	82.023623	83
82.073623	82.186123	91
82.075707	82.259040	71
82.300707	82.494457	83
82.315290	82.459040	67
82.546540	82.715290	79
82.548623	82.684040	64
82.763207	83.263207	74
82.763207	83.494457	60
82.973623	83.421540	64
82.998623	83.246540	79
83.194457	83.413207	67
83.198623	83.461123	83
83.431957	83.596540	71
83.431957	83.671540	88
83.659040	83.790290	67
83.677790	83.884040	83
83.936123	83.984040	79
83.979873	84.052790	64
84.271540	84.909040	71
84.336123	85.290290	55
84.592373	84.884040	74
84.604873	85.134040	59
84.854873	85.088207	62
84.867373	85.123623	77
85.102790	85.354873	65
85.104873	85.334040	83
85.359040	85.565290	77
85.367373	85.554873	62
85.581957	85.744457	59
85.592373	85.881957	74
85.813207	86.042373	55
85.823623	86.075707	81
86.052790	86.300707	59
86.054873	86.281957	77
86.292373	86.498623	62
86.304873	86.506957	74
86.559040	86.740290	65
86.565290	86.821540	79
86.829873	86.965290	62
86.856957	87.173623	71
87.211123	87.275707	59
87.227790	87.644457	74
87.609040	88.536123	48
87.621540	87.825707	72
88.034040	88.300707	64
88.084040	88.334040	52
88.306957	88.544457	55
88.317373	88.431957	67
88.531957	88.746540	72
88.577790	88.727790	60
88.779873	88.950707	76
88.813207	88.963207	64
89.040290	89.338207	79
89.056957	89.192373	67
89.388207	89.486123	72
89.392373	89.452790	84
