4.189833	5.508583	60
4.571083	5.441916	64
4.837750	5.085666	67
5.071083	5.362750	72
5.333583	5.598166	76
5.569000	5.869000	67
5.796083	6.075250	72
6.050250	6.387750	76
6.304416	7.477333	60
6.544000	7.419000	64
6.794000	7.077333	67
7.010666	7.273166	72
7.264833	7.487750	76
7.496083	7.779416	67
7.733583	7.989833	72
7.994000	8.287750	76
8.279416	9.437750	60
8.544000	9.356500	62
8.764833	9.083583	69
9.014833	9.319000	74
9.266916	9.525250	77
9.504416	9.777333	69
9.735666	10.010666	74
9.991916	10.527333	77
10.266916	11.498166	60
10.519000	11.477333	62
10.771083	11.304416	69
11.010666	11.298166	74
11.246083	11.560666	77
11.494000	11.771083	69
11.719000	11.964833	74
11.952333	12.262750	77
12.210666	13.677333	59
12.429416	13.671083	62
12.679416	13.031500	67
12.935666	13.181500	74
13.158583	13.435666	77
13.408583	13.716916	67
13.650250	13.939833	74
13.885666	14.314833	77
14.139833	15.169000	59
14.360666	15.104416	62
14.610666	15.016916	67
14.848166	15.116916	74
15.085666	15.381500	77
15.360666	15.721083	67
15.619000	15.925250	74
15.912750	16.360666	77
16.314833	17.885666	60
16.725250	17.839833	64
16.975250	17.312750	67
17.216916	17.533583	72
17.466916	17.677333	76
17.702333	17.989833	67
17.946083	18.225250	72
18.198166	18.516916	76
18.452333	19.796083	60
18.700250	19.760666	64
18.939833	19.241916	67
19.196083	19.469000	72
19.462750	19.639833	76
19.700250	19.906500	67
19.960666	20.112750	72
20.227333	20.298166	76
20.473166	21.850250	72
20.733583	21.783583	76
20.960666	21.271083	81
21.177333	21.460666	88
21.423166	21.660666	93
21.662750	21.948166	81
21.891916	22.146083	88
22.125250	22.431500	93
22.362750	23.891916	72
22.594000	23.771083	76
22.835666	23.127333	81
23.066916	23.325250	88
23.323166	23.600250	93
23.569000	23.833583	81
23.798166	24.056500	88
24.046083	24.181500	93
24.287750	25.844000	72
24.535666	25.831500	74
24.777333	25.054416	78
25.021083	25.283583	81
25.256500	25.469000	86
25.483583	25.677333	78
25.731500	26.002333	81
25.964833	26.439833	86
26.216916	27.785666	72
26.456500	27.844000	74
26.706500	26.962750	78
26.944000	27.248166	81
27.200250	27.416916	86
27.462750	27.662750	78
27.748166	28.058583	81
28.041916	28.610666	86
28.348166	29.689833	71
28.685666	29.627333	74
28.931500	29.400250	79
29.166916	29.448166	86
29.404416	29.683583	91
29.648166	29.987750	79
29.879416	30.185666	86
30.129416	30.521083	91
30.362750	31.652333	71
30.608583	31.544000	74
30.864833	31.219000	79
31.094000	31.375250	86
31.329416	31.627333	91
31.571083	31.875250	79
31.806500	32.100250	86
32.083583	32.350250	91
32.346083	33.933583	71
32.621083	33.931500	72
32.862750	33.164833	76
33.096083	33.402333	79
33.352333	33.606760	84
33.589833	33.944000	76
33.835666	34.123166	79
34.064833	34.477333	84
34.352333	36.123166	71
34.671083	36.196083	72
34.923166	35.191916	76
35.148166	35.416916	79
35.387750	35.650250	84
35.616916	35.825250	76
35.852333	36.081500	79
36.114833	36.687750	84
36.379416	37.875250	69
36.675250	37.860666	72
36.896083	37.110666	76
37.129416	37.394000	79
37.362750	37.610666	84
37.600250	37.866916	76
37.829416	38.094000	79
38.064833	38.394000	84
38.306500	39.658583	69
38.548166	39.614833	72
38.800250	38.989833	76
39.031500	39.283583	79
39.314833	39.523166	84
39.579416	39.783583	76
39.896083	40.187750	79
40.179416	40.414833	69
40.179416	40.698166	84
40.541916	41.496083	62
40.879416	41.416916	69
41.169000	41.483583	74
41.404416	41.696083	78
41.679416	41.908583	84
41.946083	42.352333	74
41.950250	42.744000	57
42.189833	42.506500	78
42.464833	42.879416	84
42.708583	44.656500	50
42.994000	43.273166	74
43.239833	43.506500	78
43.491916	44.625250	57
43.498166	43.733583	84
43.777333	44.564833	62
44.033583	44.548166	74
44.354416	44.721083	78
44.687750	45.048166	84
45.031500	46.483583	55
45.387750	46.423166	59
45.635666	45.987750	62
45.896083	46.177333	67
46.133583	46.402333	71
46.375250	46.671083	62
46.625250	46.898166	67
46.883583	47.235666	71
47.127333	48.689833	55
47.366916	48.673166	59
47.612750	47.921083	62
47.873166	48.108583	67
48.139833	48.333583	71
48.391916	48.696083	62
48.666916	48.944000	67
48.960666	49.244000	71
49.275250	50.925250	48
49.591916	50.985666	52
49.846083	50.162750	55
50.102333	50.364833	60
50.356500	50.610666	64
50.583583	50.804416	55
50.825250	51.098166	60
51.069000	51.325250	64
51.304416	52.925250	48
51.581500	52.887750	52
51.850250	52.137750	55
52.073166	52.331500	62
52.327333	52.646083	65
52.571083	52.879416	55
52.814833	53.066916	62
53.060666	53.496083	65
53.296083	54.725250	48
53.552333	54.664833	52
53.787750	54.091916	55
54.027333	54.283583	60
54.269000	54.504416	64
54.504416	54.800250	55
54.746083	55.014833	60
54.996083	55.306500	64
55.244000	56.919000	48
55.483583	56.960666	50
55.752333	56.069000	57
55.989833	56.244000	62
56.229416	56.514833	65
56.471083	56.683583	57
56.748166	56.987750	62
56.991916	57.479416	65
57.239833	58.779416	47
57.469000	58.766916	50
57.727333	57.935666	55
57.985666	58.264833	62
58.250250	58.512750	65
58.491916	58.789833	55
58.729416	59.031500	62
59.014833	59.687750	65
59.298166	60.852333	48
59.625250	60.889833	52
59.877333	60.212750	55
60.146083	60.408583	60
60.391916	60.569000	64
60.633583	60.885666	55
60.889833	61.114833	60
61.156500	61.273166	64
61.385666	62.889833	60
61.633583	62.864833	64
61.879416	62.098166	67
62.119000	62.356500	72
62.364833	62.587750	76
62.604416	62.929416	67
62.869000	63.202333	72
63.208583	63.962750	76
63.914833	65.821083	55
64.373166	65.866916	58
64.650250	65.008583	62
64.923166	65.177333	66
65.194000	65.314833	73
65.431500	65.691916	62
65.679416	65.964833	65
65.927333	66.373166	73
66.185666	67.706500	55
66.444000	67.721083	58
66.675250	66.966916	62
66.923166	67.152333	65
67.158583	67.377333	73
67.419000	67.700250	62
67.696083	67.952333	65
67.910666	68.527333	73
68.164833	69.991916	53
68.410666	69.933583	57
68.652333	69.104416	62
68.919000	69.152333	69
69.156500	69.348166	73
69.412750	69.637750	62
69.652333	69.919000	69
69.908583	70.431500	74
70.173166	71.854416	53
70.389833	71.844000	57
70.650250	70.964833	62
70.904416	71.127333	69
71.139833	71.346083	74
71.381500	71.698166	62
71.623166	71.923166	69
71.879416	72.252333	76
72.121083	73.931500	53
72.373166	73.831500	56
72.612750	72.852333	62
72.860666	73.121083	65
73.110666	73.352333	71
73.364833	73.662750	62
73.591916	73.889833	65
73.829416	74.446083	72
74.083583	75.894000	53
74.360666	75.862750	56
74.619000	74.914833	62
74.854416	75.127333	65
75.106500	75.296083	71
75.364833	75.650250	62
75.585666	75.891916	65
75.858583	76.185666	74
76.089833	77.683583	52
76.344000	77.687750	55
76.579416	76.919000	60
76.823166	77.079416	67
77.054416	77.298166	72
77.285666	77.554416	60
77.527333	77.777333	67
77.791916	78.458583	71
77.983583	79.533583	52
78.235666	79.487750	55
78.477333	78.831500	60
78.725250	79.002333	67
78.964833	79.089833	74
79.216916	79.560666	60
79.473166	79.791916	67
79.752333	80.160666	72
79.973166	81.254416	52
80.227333	81.248166	53
80.481500	80.821083	57
80.735666	81.033583	60
80.989833	81.266916	65
81.223166	81.577333	57
81.483583	81.906500	60
81.754416	82.281500	65
81.989833	83.810666	52
82.225250	83.848166	53
82.479416	82.831500	57
82.746083	83.052333	60
82.998166	83.231500	67
83.233583	83.475250	57
83.502333	83.781500	60
83.766916	84.408583	65
84.027333	85.454416	50
84.383583	85.387750	53
84.627333	84.919000	57
84.864833	85.156500	60
85.108583	85.356500	65
85.350250	85.646083	57
85.581500	85.981500	60
85.848166	86.171083	65
86.058583	87.794000	50
86.300250	87.808583	53
86.550250	86.869000	69
86.812750	87.077333	72
87.069000	87.269000	77
87.358583	87.683583	69
87.650250	87.948166	72
87.956500	88.419000	76
88.269000	89.337750	43
88.364833	88.614833	74
88.696083	89.352333	50
88.923166	89.316916	55
89.187750	89.489833	59
89.456500	89.760666	65
89.729416	90.062750	55
89.977333	90.300250	59
90.237750	90.819000	65
90.521083	92.391916	43
90.769000	92.502333	50
91.035666	91.350250	55
91.298166	91.627333	59
91.604416	91.866916	65
91.869000	92.185666	55
92.204416	92.475250	59
92.454416	92.683583	60
92.679416	93.012750	62
92.898166	94.369000	48
92.981500	93.398166	64
93.308583	94.212750	52
93.556500	93.839833	55
93.812750	94.062750	60
94.066916	94.308583	64
94.335666	94.600250	55
94.575250	94.877333	60
94.858583	95.425250	64
95.116916	96.500250	48
95.385666	96.431500	52
95.627333	95.844000	55
95.906500	96.171083	60
96.175250	96.373166	64
96.433583	96.600250	55
96.691916	96.929416	60
96.973166	97.087750	64
97.227333	98.633583	60
97.506500	98.600250	67
97.744000	97.973166	70
98.010666	98.206500	72
98.277333	98.441916	76
98.514833	98.769000	70
98.785666	99.108583	72
99.058583	99.308583	76
99.302333	101.019000	60
99.548166	100.471083	67
99.787750	99.981500	70
100.041916	100.137750	72
100.229416	100.375250	81
100.296083	100.577333	79
100.552333	100.691916	67
100.833583	101.208583	77
101.125250	101.177333	67
101.139833	101.277333	76
101.450250	103.202333	53
101.454416	101.679416	76
101.739833	102.150250	65
101.971083	102.191916	69
102.248166	102.566916	72
102.502333	103.102333	65
102.758583	103.087750	69
103.044000	103.271083	71
103.275250	103.671083	72
103.558583	105.085666	53
103.827333	105.125250	65
104.073166	104.366916	69
104.352333	104.587750	72
104.606500	104.835666	76
104.873166	105.173166	69
105.125250	105.408583	72
105.387750	105.691916	76
105.612750	107.387750	54
105.889833	106.985666	62
106.119000	106.341916	69
106.391916	106.660666	72
106.648166	106.873166	75
106.908583	107.119000	69
107.135666	107.498166	60
107.150250	107.435666	72
107.394000	107.837750	75
107.681500	108.966916	54
107.960666	109.008583	60
108.183583	108.412750	69
108.456500	108.741916	72
108.710666	108.927333	75
108.973166	109.181500	69
109.237750	109.525250	72
109.516916	110.321083	75
109.769000	111.350250	56
110.054416	111.377333	65
110.339833	110.652333	71
110.585666	110.854416	72
110.852333	111.096083	74
111.123166	111.312750	71
111.375250	111.596083	72
111.627333	111.985666	74
111.889833	113.266916	56
112.150250	113.356500	65
112.412750	112.666916	71
112.658583	112.931500	72
112.944000	113.181500	74
113.216916	113.533583	71
113.494000	113.781500	72
113.794000	114.289833	74
114.102333	114.964833	55
114.410666	114.756500	62
114.673166	115.002333	65
114.679416	114.889833	71
114.691916	114.923166	67
114.927333	115.156500	72
114.941916	115.135666	69
114.954416	115.269000	62
115.210666	115.537750	74
115.241916	115.341916	71
115.477333	115.602333	67
115.510666	115.631500	65
115.754416	115.931500	62
115.764833	115.996083	71
115.771083	115.912750	67
116.008583	116.069000	55
116.035666	116.414833	72
116.062750	116.360666	69
116.325250	117.487750	43
116.614833	117.125250	50
116.896083	117.146083	59
116.904416	117.116916	55
117.187750	117.421083	60
117.191916	117.369000	57
117.483583	117.800250	62
117.500250	117.644000	59
117.798166	118.125250	59
117.804416	117.994000	55
117.808583	118.025250	53
118.152333	118.269000	50
118.154416	118.456500	60
118.160666	118.356500	57
118.546083	119.029416	59
118.560666	119.148166	62
118.944000	124.312750	36
119.406500	123.698166	43
119.704416	119.887750	52
119.704416	124.223166	48
119.944000	120.146083	55
120.204416	120.441916	59
120.462750	120.564833	60
120.698166	120.923166	64
120.941916	121.179416	67
121.183583	121.410666	71
121.439833	121.548166	72
121.675250	121.900250	76
121.933583	122.183583	79
122.196083	122.439833	83
122.479416	122.562750	84
122.783583	123.208583	88
123.173166	123.346083	91
123.546083	123.800250	88
123.604416	123.798166	91
123.652333	123.852333	96
123.762750	123.910666	100
