3.484833	4.891083	62
4.578583	4.920250	64
4.851500	5.259833	67
5.311917	5.486917	62
5.432750	5.676500	67
5.578583	7.595250	71
5.582750	7.061917	55
5.603583	7.093167	59
7.568167	8.618167	64
7.568167	8.957750	60
7.568167	9.026500	57
7.582750	8.182750	67
8.501500	8.678583	67
8.622333	8.928583	69
8.843167	9.595250	67
9.561917	11.470250	66
9.572333	10.716083	57
9.582750	10.782750	50
9.586917	11.032750	62
11.376500	13.047333	43
11.478583	12.457750	62
11.895250	12.536917	50
12.341083	12.876500	64
12.343167	12.957750	55
12.707750	12.832750	62
13.241083	13.659833	74
13.520250	13.945250	40
13.607750	14.522333	71
13.972333	14.026500	47
14.416083	14.845250	52
14.432750	14.845250	59
14.432750	14.926500	69
14.893167	15.128583	71
15.091083	15.364000	69
15.341083	15.757750	48
15.359833	15.784833	67
15.757750	15.959833	55
16.245250	16.524417	66
16.245250	16.620250	50
16.253583	16.549417	57
16.257750	16.489000	62
16.436917	16.722333	67
16.647333	16.711917	66
16.653583	17.218167	69
17.066083	20.357750	43
17.149417	19.647333	67
17.591083	19.080667	55
18.136917	18.401500	59
19.159833	20.280667	50
19.601500	20.374417	55
20.116083	20.201500	59
21.028583	21.651500	43
21.118167	22.049417	62
21.526500	22.170250	50
21.945250	22.093167	59
21.957750	22.243167	64
22.222333	22.686917	67
22.655667	23.753583	62
22.857750	23.103583	42
23.247333	23.766083	50
23.639000	23.774417	57
23.661917	24.118167	64
24.091083	24.332750	67
24.476500	24.964000	40
24.559833	25.378583	67
24.574417	25.226500	64
24.951500	25.003583	47
25.370250	25.757750	52
25.376500	25.841083	69
25.405667	25.782750	55
25.799417	25.955667	67
26.111917	27.428583	50
26.128583	26.524417	62
26.189000	26.599417	67
26.280667	26.789000	71
26.668167	27.386917	55
27.130667	27.411917	59
27.901500	28.918167	48
27.976500	28.970250	60
28.020250	28.932750	64
28.434833	28.851500	52
28.841083	29.255667	67
28.847333	29.193167	55
29.257750	29.474417	69
29.499417	29.964000	62
29.707750	30.778583	47
30.107750	30.680667	55
30.118167	30.582750	62
30.528583	30.672333	59
30.543167	30.924417	72
30.945250	31.307750	71
31.191083	32.774417	45
31.239000	31.449417	60
31.299417	31.959833	57
31.309833	31.478583	64
31.332750	32.874417	52
31.389000	31.839000	69
31.839000	32.849417	64
32.295250	32.816083	57
32.816083	33.111917	67
33.080667	33.255667	69
33.366083	34.334833	50
33.497333	33.886917	69
33.920250	34.426500	57
34.339000	34.497333	62
34.355667	34.845250	74
35.324417	36.249417	67
35.384833	35.903583	74
35.803583	36.255667	71
36.220250	36.659833	76
36.670250	36.859833	79
36.897333	37.691083	74
37.124417	37.926500	66
37.539000	38.220250	69
37.968167	38.397333	76
38.380667	38.532750	79
38.807750	39.841083	64
38.834833	39.416083	76
38.841083	39.628583	79
39.228583	39.684833	67
39.607750	39.957750	71
39.634833	40.078583	81
40.049417	40.307750	79
40.299417	40.747333	74
40.397333	40.668167	79
40.445250	41.564000	62
40.484833	40.780667	83
40.914000	41.341083	67
41.103583	41.218167	84
41.201500	41.318167	83
41.311917	41.739000	79
41.411917	41.645250	71
41.753583	42.228583	74
41.766083	42.134833	67
42.134833	43.297333	60
42.199417	42.995250	76
42.566083	43.161917	64
42.964000	43.299417	72
42.982750	43.364000	79
43.343167	43.514000	67
43.372333	43.593167	81
43.595250	45.180667	59
43.686917	45.184833	67
43.764000	44.845250	71
43.818167	44.147333	74
44.236917	44.626500	74
44.655667	45.339000	84
45.261917	45.811917	83
45.639000	46.136917	57
45.791083	46.157750	81
46.111917	46.195250	64
46.193167	46.580667	76
46.489000	47.301500	62
46.624417	46.872333	78
46.936917	47.401500	78
47.182750	47.282750	72
47.409833	47.549417	79
47.622333	48.947333	55
47.661917	48.766083	79
48.051500	48.461917	62
48.414000	48.951500	67
48.811917	48.941083	71
49.114000	49.326500	55
49.201500	49.453583	67
49.220250	49.586917	62
49.284833	49.449417	71
49.295250	49.509833	74
49.718167	49.986917	83
49.970250	50.264000	53
50.066083	50.255667	62
50.120250	50.243167	83
50.172333	50.574417	86
50.551500	51.022333	83
50.905667	51.172333	52
50.995250	52.351500	86
51.439000	52.222333	64
51.774417	52.253583	67
52.161917	52.436917	71
52.526500	53.643167	64
52.924417	53.172333	83
52.939000	53.232750	71
53.122333	53.255667	86
53.309833	53.499417	76
53.345250	53.807750	88
53.364000	53.559833	67
53.757750	53.876500	71
53.780667	54.226500	86
54.143167	55.364000	60
54.220250	55.230667	79
54.591083	55.224417	64
54.976500	55.297333	72
55.176500	55.509833	81
55.386917	55.522333	67
55.605667	55.666083	83
55.682750	55.811917	84
55.803583	56.136917	55
55.811917	57.741083	83
56.205667	56.274417	62
56.578583	56.899417	67
56.589000	56.872333	74
56.972333	57.030667	71
57.347333	57.816083	57
57.759833	57.816083	81
57.795250	57.868167	64
57.947333	58.424417	81
58.149417	58.639000	69
58.155667	58.651500	72
58.564000	58.705667	83
58.624417	58.701500	76
58.805667	60.072333	69
58.918167	60.120250	72
58.945250	60.057750	76
58.951500	59.214000	79
59.028583	59.257750	86
59.414000	59.457750	86
59.853583	60.253583	83
59.866083	60.297333	79
60.509833	60.603583	81
60.518167	60.572333	78
60.699417	62.001500	81
60.714000	61.441083	78
60.714000	62.080667	62
60.764000	60.847333	69
61.120250	61.609833	69
61.570250	62.080667	74
61.951500	62.495250	79
62.230667	63.014000	62
62.253583	62.922333	69
62.309833	63.005667	74
62.399417	63.097333	78
62.811917	63.055667	66
63.070250	63.211917	83
63.247333	63.547333	60
63.261917	63.405667	62
63.291083	63.382750	83
63.343167	63.868167	86
63.755667	63.905667	69
63.791083	64.478583	83
64.468167	64.832750	48
64.480667	65.753583	86
64.914000	65.009833	55
65.274417	65.724417	60
65.282750	65.684833	67
65.657750	65.820250	64
65.676500	65.845250	83
65.976500	66.251500	74
65.989000	67.130667	60
66.011917	66.699417	67
66.018167	66.216083	83
66.024417	66.916083	72
66.132750	66.409833	86
66.493167	66.645250	86
66.868167	67.128583	64
66.882750	67.318167	88
67.264000	67.334833	67
67.272333	67.784833	86
67.636917	67.964000	48
67.745250	69.045250	79
68.166083	68.207750	63
68.603583	68.982750	60
68.611917	68.945250	67
68.980667	69.143167	63
68.989000	69.082750	72
69.024417	69.101500	67
69.032750	69.197333	81
69.270250	69.418167	79
69.332750	69.482750	81
69.380667	70.245250	55
69.418167	70.939000	83
69.826500	70.105667	62
70.220250	70.397333	67
70.222333	70.374417	59
70.878583	71.078583	57
70.968167	71.778583	79
71.351500	71.666083	69
71.695250	71.809833	76
71.701500	71.782750	72
71.709833	71.976500	81
71.941083	72.301500	83
72.311917	72.414000	79
72.493167	73.711917	79
72.524417	72.757750	59
72.861917	73.230667	67
73.247333	73.339000	74
73.253583	73.324417	71
73.949417	74.284833	60
74.026500	74.751500	79
74.370250	74.728583	67
74.751500	74.861917	76
74.751500	75.286917	81
74.761917	74.895250	72
75.318167	75.880667	83
75.518167	76.389000	55
75.924417	76.332750	62
76.301500	76.861917	67
76.699417	76.759833	59
77.028583	77.580667	45
77.105667	77.866083	67
77.436917	77.720250	52
77.795250	77.874417	57
77.816083	78.180667	69
78.180667	78.251500	60
78.205667	78.314000	71
78.574417	78.751500	62
78.614000	79.578583	50
78.980667	79.395250	62
79.347333	79.607750	54
79.349417	79.582750	57
79.378583	79.768167	72
79.751500	80.182750	71
79.989000	80.897333	38
80.151500	80.495250	69
80.511917	80.934833	45
80.518167	80.886917	64
80.882750	80.991083	50
80.889000	81.297333	66
81.268167	81.411917	67
81.653583	84.401500	43
81.699417	82.761917	67
82.086917	82.461917	50
82.461917	82.689000	55
82.461917	82.943167	59
82.826500	83.247333	50
83.230667	83.666083	55
83.241083	83.791083	59
83.628583	83.986917	50
84.009833	84.391083	55
84.009833	84.786917	59
84.359833	84.714000	50
84.747333	87.405667	43
85.124417	85.489000	52
85.482750	85.772333	55
85.486917	85.949417	60
85.826500	86.261917	52
86.253583	86.599417	55
86.261917	86.724417	60
86.616083	86.978583	52
87.007750	87.432750	55
87.028583	87.320250	60
87.028583	87.814000	64
87.389000	87.503583	52
87.778583	90.309833	43
87.785094	88.241083	55
87.809833	88.434833	62
87.816083	88.364000	59
88.189000	88.530667	50
88.566083	88.909833	67
88.572333	89.005667	55
88.578583	89.009833	62
88.584833	89.005667	59
88.916083	89.293167	50
89.280667	89.451500	69
89.282750	89.482750	62
89.295250	89.439000	59
89.299417	89.711917	55
89.672333	90.007750	50
89.986917	90.272333	71
90.003583	90.228583	59
90.003583	90.305667	55
90.007750	90.372333	62
90.320250	90.403583	50
90.739000	91.716083	50
90.774417	91.353583	69
90.780667	91.247333	60
90.782750	91.284833	62
91.239000	91.626500	57
91.557750	92.472333	67
91.568167	91.980667	60
91.570250	92.049417	62
91.995250	93.580667	50
91.995250	93.630667	57
92.457750	93.382750	60
92.457750	93.520250	66
92.468167	93.405667	62
93.970250	94.501500	71
94.059833	94.428583	74
94.066083	95.334833	55
94.116083	94.920250	79
94.505667	94.924417	62
94.889000	95.324417	67
95.270250	95.505667	62
95.691083	96.526500	54
95.736917	96.482750	74
96.093167	96.428583	62
96.432750	96.526500	66
96.439000	96.732750	69
97.105667	97.309833	71
97.157750	98.174417	74
97.211917	98.355667	52
97.234833	98.418167	79
97.651500	98.041083	59
98.014000	98.336917	64
98.393167	98.628583	59
98.732750	99.126760	50
98.784833	99.911917	69
98.793167	100.003583	74
99.176500	99.322333	57
99.534833	99.647333	66
99.551500	99.676500	62
100.251500	101.649417	71
100.289000	100.839000	48
100.297333	101.707750	74
100.368167	101.930667	79
100.811917	101.230667	55
101.184833	101.455667	64
101.211917	101.478583	59
101.578583	101.639000	55
101.901500	102.068167	47
101.997333	102.668167	74
102.011917	102.572333	69
102.336917	103.157750	55
102.720250	103.116083	59
102.734833	102.997333	67
103.120250	103.264000	62
103.534833	104.541083	45
103.580667	103.943167	72
103.584833	103.886917	69
103.943167	104.432750	52
104.151500	104.461917	57
104.332750	104.574417	59
104.514000	104.757750	60
104.711917	105.211917	64
105.155667	106.166083	62
105.536917	106.474417	38
105.959833	106.364000	45
105.970250	106.857750	57
106.422333	106.484833	50
106.851500	107.043167	31
106.855667	107.095250	43
106.864000	107.516083	59
106.874417	107.449417	55
107.268167	107.949417	43
107.670250	107.870250	50
107.697333	108.057750	59
107.699417	108.001500	55
108.107750	108.314000	50
108.507750	109.018167	54
108.539000	109.503583	42
108.545250	109.651500	69
108.551500	109.614000	62
108.551500	109.734833	57
108.947333	109.382750	50
109.336917	109.582750	54
109.982750	110.259833	57
110.053583	111.199417	41
110.061917	110.547333	53
110.074417	110.422333	62
110.105667	110.284833	50
110.136917	110.472333	69
110.518167	111.020250	50
110.905667	111.128583	53
110.907750	111.409833	71
111.345250	111.545250	74
111.782750	113.370250	67
111.843167	112.251500	40
111.843167	113.326500	71
111.916083	113.357750	79
112.320250	112.734833	47
112.670250	112.818167	55
112.672333	113.020250	52
113.141083	113.303583	47
113.601500	113.901500	39
113.722333	114.549417	79
113.728583	114.434833	67
113.739000	114.401500	72
114.182750	114.584833	51
114.524417	115.032750	60
114.536917	114.993167	77
114.949417	115.022333	63
114.955667	115.530667	75
115.397333	115.626500	38
115.409833	115.468167	36
115.461917	116.657750	74
115.864000	116.697333	47
116.270250	116.772333	50
116.657750	116.770250	71
116.674417	116.747333	55
117.107750	117.357750	38
117.136917	117.432750	69
117.601500	117.718167	69
117.628583	118.120250	50
117.716083	117.851500	71
117.828583	118.026500	69
118.026500	118.205667	60
118.026500	118.339000	67
118.447333	118.497333	57
118.459833	119.041083	66
118.870250	119.272333	43
118.951500	119.422333	67
119.161917	119.318167	50
119.349417	119.424417	55
119.555667	120.061917	59
119.745250	120.095250	62
119.945250	120.057750	67
120.143167	120.361917	71
120.366083	121.011917	74
120.684833	121.134833	55
121.005667	121.195250	64
121.255667	121.332750	69
121.284833	121.330667	67
121.505667	121.572333	71
121.511917	121.686917	72
121.695250	121.928583	76
121.897333	122.007750	79
122.122333	122.428583	84
122.368167	122.614000	88
122.578583	122.889000	55
122.830667	122.970250	62
123.016083	123.082750	67
123.232750	123.466083	71
123.441083	123.709833	74
123.643167	123.722333	79
123.847333	124.047333	83
124.064000	124.478583	91
124.268167	124.495250	67
124.495250	124.705667	75
124.684833	124.882750	79
124.886917	124.966083	84
125.097333	125.314000	86
125.332750	125.389000	87
125.611917	125.972333	91
125.939000	126.520250	93
126.478583	127.130667	67
126.526500	126.982750	95
126.828583	127.155667	74
127.045250	127.166083	79
127.270250	127.749417	83
127.503583	128.120250	67
127.761917	128.114000	75
127.984833	128.120250	79
128.209833	128.501500	83
128.445250	128.947333	67
128.653583	128.982750	74
128.845250	129.009833	79
129.055667	129.343167	83
129.259833	130.599417	67
129.520250	130.259833	75
129.774417	130.330667	79
130.061917	130.368167	81
130.430667	130.857750	83
130.849417	131.232750	84
131.239000	131.499417	83
131.497333	131.791083	84
131.749417	132.072333	83
132.034833	132.376500	81
132.328583	132.626500	83
132.584833	132.803583	81
132.803583	132.966083	76
133.007750	133.199417	81
133.214000	133.318167	76
133.447333	133.526500	74
133.559833	133.722333	76
133.693167	133.855667	74
133.834833	133.897333	72
133.905667	134.024417	69
134.036917	134.184833	72
134.180667	134.236917	69
134.324417	134.468167	67
134.491083	134.647333	69
134.622333	134.843167	67
134.818167	135.034833	65
135.032750	135.316083	64
135.268167	135.599417	62
135.536917	135.893167	60
135.857750	136.386917	59
136.293167	136.907750	57
136.668167	138.478583	31
136.772333	138.472333	43
136.874417	138.464000	55
136.880667	138.489000	59
