3.905083	4.573833	67
4.523833	5.134250	69
5.038417	5.673833	71
5.542583	8.580083	43
5.596750	6.273833	62
6.200917	7.684250	50
6.528000	7.740500	55
6.832167	6.938417	59
7.092583	7.817583	59
7.278000	7.967583	62
7.823833	8.596750	50
8.171750	8.569667	55
8.532167	8.611333	59
8.782167	11.313417	43
8.848833	9.667583	59
8.857167	9.309250	55
8.861333	9.055083	50
8.932167	9.684250	62
9.359250	9.867583	50
9.686333	10.025917	55
10.053000	10.388417	50
10.409250	11.136333	55
10.744667	11.223833	71
10.773833	11.184250	59
10.803000	11.038417	62
11.098833	11.517583	69
11.146750	11.382167	50
11.467583	11.557167	55
11.475917	12.442583	67
12.432167	13.325917	69
12.559250	15.046750	43
13.092583	14.134250	52
13.394667	13.882167	55
13.686333	13.807167	60
13.900917	14.115500	60
13.998833	14.444667	64
14.328000	14.717583	55
14.640500	14.984250	60
14.940500	15.161333	55
15.434250	17.955083	43
15.932167	16.553000	52
16.234250	16.650917	55
16.561333	17.292583	60
16.963417	17.509250	52
17.419667	17.850917	55
17.475917	17.969667	69
17.886333	18.155083	52
17.894667	18.569667	67
18.319667	18.450917	43
18.515500	18.888417	66
18.765500	21.250917	42
18.867583	19.396750	62
19.315500	19.775917	50
19.613417	20.330083	54
19.907167	20.305083	57
20.232167	20.719667	62
20.540500	21.255083	50
20.882167	21.259250	54
21.196750	21.357167	57
21.550917	23.330083	42
21.582167	22.273833	57
21.586333	22.323833	62
22.040500	22.457167	50
22.348833	22.653000	54
22.696750	23.084250	50
23.028000	23.334250	54
23.350917	23.753000	69
23.678000	23.882167	50
23.700917	24.300917	71
24.211333	24.961333	74
24.782167	27.344667	40
24.911333	25.371750	67
25.367583	27.394667	47
25.680083	27.157167	52
25.986333	26.196750	54
26.303000	26.832167	55
26.630083	26.998833	59
26.973833	27.365500	64
27.334250	27.642583	66
27.571750	28.471750	40
27.667583	27.894667	47
27.688417	28.130083	52
27.713417	28.082167	55
27.759250	28.144667	59
27.778000	28.261333	64
27.875917	28.303000	67
28.188417	28.500917	47
28.523833	28.634250	52
28.886333	29.213417	55
29.259250	29.503000	59
29.567583	30.073833	55
29.611333	29.744667	74
29.898833	29.980083	67
29.946750	30.173833	64
29.950917	30.090500	74
30.055083	30.694667	76
30.411333	30.459250	59
30.648833	31.009250	74
30.911333	31.388417	36
31.019667	32.467583	67
31.382167	31.550917	43
31.648833	31.744667	52
31.938417	33.196750	48
32.236333	32.492583	55
32.532167	33.046750	52
32.853000	33.134250	60
33.180083	33.398833	55
33.517583	35.669667	48
33.619667	34.271750	63
33.961333	34.259250	55
34.284250	34.596750	60
34.594667	34.961333	55
34.969667	35.340500	60
35.317583	35.646750	55
35.336333	35.830083	71
35.707167	35.900917	51
35.773833	37.015500	69
36.150917	36.380083	48
36.978000	37.448833	67
37.234250	39.638417	43
37.384250	37.817583	71
37.759250	38.088417	50
38.073833	38.384250	55
38.375917	38.992583	59
38.657167	39.015500	55
38.953000	39.390500	50
39.267583	39.698833	59
39.342583	39.480083	55
39.605083	39.778000	50
39.894667	42.278000	43
39.921750	40.375917	55
39.971750	41.234250	59
39.973833	41.448833	62
40.294667	40.621750	50
40.648833	40.982167	55
40.973833	41.342583	50
41.392583	41.771750	55
41.780083	42.036333	50
41.786333	42.163417	71
42.090500	42.236333	55
42.136333	42.561333	69
42.440500	42.592583	50
42.511333	43.146750	67
42.869667	45.205083	45
43.063417	43.473833	69
43.396750	43.886333	52
43.721750	44.207167	57
44.034250	44.390760	59
44.365500	44.475917	60
44.646750	44.980083	52
44.984250	45.307167	64
44.984250	45.353000	67
44.986333	45.207167	57
45.596750	46.900917	45
45.678000	46.248833	67
45.688417	46.169667	61
45.694667	46.096750	57
46.078000	46.750917	52
46.400917	46.859250	57
46.709250	46.861333	67
46.742583	46.823833	61
47.046750	47.771750	67
47.065500	47.482167	61
47.380083	47.823833	45
47.400917	47.823833	57
47.755083	48.246750	66
47.773833	48.040500	52
48.144667	48.286333	45
48.242583	48.921750	67
48.882167	49.519667	62
48.888417	51.248833	38
48.888417	51.811333	69
48.896750	49.428000	60
49.319667	49.728000	45
49.615500	50.015500	60
49.717583	49.800917	50
49.950917	50.413417	45
50.248833	50.936333	59
50.603000	50.994667	50
50.921750	51.832167	60
51.273833	51.705083	45
51.711333	52.165500	42
51.757167	52.223833	57
52.123833	52.363417	50
52.471750	52.740500	54
52.778000	53.073833	57
53.050917	53.469667	50
53.142583	53.375917	66
53.432167	53.667583	57
53.480083	53.830083	69
53.807167	54.244667	74
53.809250	53.965500	62
54.144667	54.223833	66
54.194667	55.100917	81
55.517583	55.961333	74
55.528000	56.311333	79
55.528000	57.825917	55
55.967583	57.028000	62
56.267583	56.955083	67
56.638417	57.000917	69
56.959250	57.330083	71
57.296750	57.740500	67
57.623833	58.003000	69
57.944667	58.355083	62
57.948833	58.686333	71
58.313417	58.890500	55
58.675917	58.994667	62
59.013417	59.350917	79
59.023833	59.257167	67
59.023833	59.363417	74
59.357167	59.717583	81
59.369667	59.613417	71
59.642583	60.048833	67
59.721750	60.594667	83
60.061333	60.273833	71
60.482167	60.796750	67
60.525917	61.182167	81
61.090500	61.617583	79
61.513417	63.705083	55
61.621750	62.159250	81
62.013417	63.032167	64
62.313417	62.971750	67
62.617583	62.696750	72
62.813417	62.969667	72
62.925917	63.336333	76
63.242583	63.855083	67
63.567583	63.884250	72
63.880083	65.296750	76
64.234250	66.550917	55
64.603000	65.440500	64
64.909250	65.517583	67
65.259250	65.663417	72
65.607167	65.765500	76
65.682167	65.990500	64
66.034250	66.500917	81
66.040500	66.448833	67
66.444667	66.744667	64
66.455083	67.005083	79
66.859250	66.948833	55
66.969667	67.382167	78
67.269667	69.509250	54
67.357167	67.755083	74
67.744667	68.525917	62
68.019667	68.715500	66
68.305083	68.461333	69
68.632167	69.136333	74
68.913417	69.582167	66
69.238417	70.105083	69
69.538417	70.175917	74
69.850917	70.436333	54
70.180083	70.475917	62
70.494667	70.565500	66
70.811333	71.265500	69
71.107167	71.455083	74
71.405083	71.786333	81
71.742583	72.215500	83
71.746750	71.792583	69
72.125917	72.617583	86
72.336333	72.536333	54
72.584250	74.090500	52
72.642583	73.115500	79
73.021750	74.042583	59
73.321750	74.057167	62
73.615500	73.771750	67
73.934250	74.444667	67
73.938417	74.448833	71
74.253000	74.923833	52
74.540500	74.969667	59
74.557167	75.646750	71
74.575917	75.705083	67
74.878000	75.130083	62
75.217583	77.194667	50
75.592583	76.023833	59
75.846750	76.159250	62
76.157167	76.332167	67
76.161333	76.390500	71
76.544667	76.980083	62
77.023833	77.442583	59
77.071750	77.475917	86
77.455083	77.690500	50
77.461333	77.878000	88
77.790500	77.857167	59
77.844667	78.275917	86
78.173833	78.678000	48
78.275917	78.715500	79
78.650917	80.023833	59
78.957167	79.759250	64
79.248833	79.650917	71
79.582167	80.021750	76
79.923833	80.250917	64
80.209250	80.509250	71
80.213417	80.525917	79
80.530083	80.634250	76
80.538417	80.807167	59
80.886333	81.192583	64
81.184250	81.542583	59
81.509250	81.763417	64
81.830083	82.330083	59
82.305083	82.613417	64
82.621750	83.155083	86
83.048833	83.338417	64
83.090500	83.709250	84
83.505083	83.650917	59
83.688417	84.046750	83
84.100917	84.167583	84
84.142583	84.605083	45
84.184250	84.238417	86
84.238417	84.619667	84
84.582167	84.825917	52
84.594667	84.950917	83
84.896750	85.019667	60
84.896750	85.455083	84
85.161333	86.373833	57
85.448833	86.065500	64
85.717583	86.040500	69
85.996750	86.759250	71
86.259250	86.548833	69
86.611333	87.730083	60
86.688417	87.294667	72
87.011333	87.748833	64
87.296750	87.757167	69
87.615500	88.315500	71
87.944667	88.894667	59
88.261333	88.955083	64
88.557167	88.961333	69
88.965500	89.442583	72
89.569667	90.609250	57
89.782167	90.425917	72
90.115500	90.446750	64
90.457167	91.282167	71
90.796750	90.863417	64
91.169667	91.771750	54
91.269667	91.680083	69
91.642583	91.867583	62
91.655083	92.090500	67
92.036333	92.446750	66
92.788417	92.971750	67
93.280083	94.823833	43
93.396750	94.586333	50
93.467583	93.880083	55
93.503000	93.988417	59
93.575917	94.140500	62
93.659250	94.213417	67
94.109250	94.353000	55
94.457167	94.803000	60
94.765500	94.923833	55
95.042583	95.871750	43
95.078000	95.659250	62
95.338417	95.634250	50
95.607167	96.146750	64
95.615500	96.165500	60
95.878000	96.028000	55
96.121750	96.590500	66
96.125917	97.086333	43
96.161333	96.540500	62
96.425917	96.819667	50
96.680083	96.909250	67
96.688417	96.873833	64
96.950917	97.190500	55
97.203000	97.734250	69
97.209250	98.298833	43
97.215500	97.748833	66
97.542583	97.896750	50
97.821750	98.334250	62
97.850917	98.396750	66
97.950917	98.703000	72
98.330083	98.642583	50
98.378000	98.498833	55
98.684250	98.813417	62
98.684250	99.117583	71
98.696750	99.653000	43
98.709250	99.073833	67
99.055083	99.390500	50
99.328000	99.873833	72
99.330083	99.905083	69
99.607167	99.721750	55
99.873833	100.628000	43
99.878000	100.117583	74
99.913417	100.100917	71
100.169667	100.450917	50
100.392583	100.823833	73
100.407167	100.700917	70
100.646750	100.809250	55
100.884250	101.078000	74
100.890500	101.575917	43
100.894667	101.069667	71
101.159250	101.359250	50
101.355083	101.596750	71
101.355083	101.653000	75
101.598833	101.790500	55
101.784250	101.894667	76
101.788417	101.865500	72
101.994667	102.257167	50
102.238417	102.915500	78
102.244667	102.507167	75
102.484250	102.548833	43
102.832167	103.388417	31
102.905083	103.642583	79
102.917583	103.473833	71
103.303000	103.461333	43
103.559250	103.850917	75
103.828000	104.282167	68
104.075917	104.296750	75
104.309250	104.790500	70
104.557167	104.728000	75
104.767583	105.067583	71
105.011333	105.184250	76
105.246750	105.432167	82
105.488417	105.730083	76
105.694667	105.836333	80
105.919667	106.000917	85
106.088417	106.159250	80
106.230083	106.294667	87
106.363417	106.411333	81
106.486333	106.594667	86
106.646750	106.694667	87
106.823833	106.996750	92
107.028000	107.815500	88
107.271750	107.523833	90
107.536333	107.934250	91
107.875917	108.175917	95
108.163417	109.736333	79
108.265500	108.505083	91
108.294667	109.619667	86
108.334250	108.480083	95
108.438417	109.011333	98
109.223833	109.288417	91
109.294667	109.334250	103
