2.753000	3.040500	43
3.096750	4.069667	53
3.282167	3.982167	59
3.328000	3.869667	56
3.425917	3.965500	62
3.469667	4.607167	67
5.232167	5.500917	67
5.371750	6.957167	48
5.498833	6.886333	55
5.509250	5.884250	64
5.513417	5.805083	59
6.398833	6.532167	74
6.450917	6.532167	79
6.473833	6.723833	86
6.623833	6.815500	81
6.821750	6.988417	79
7.125917	8.065500	74
7.859250	9.965500	59
7.953000	9.988417	62
7.961333	10.059250	69
9.021750	9.348833	86
9.025917	9.378000	74
9.313417	9.630083	81
9.590500	9.913417	79
9.882167	10.253000	74
10.148833	10.513417	79
10.486333	10.638417	81
10.917583	12.338417	64
11.005083	12.340500	67
11.092583	12.319667	71
11.184250	12.319667	74
11.194667	11.773833	83
11.194667	11.813417	76
11.200917	11.761333	79
12.055083	12.100917	76
12.057167	12.117583	79
12.057167	12.130083	83
12.300917	12.342583	75
12.317583	12.365500	82
12.323833	12.388417	78
12.786333	13.403000	81
12.809250	13.090500	74
12.809250	13.363417	77
12.809250	13.390500	69
12.809250	13.709250	62
12.815500	13.523833	65
13.388417	13.615500	72
13.594667	13.853000	81
13.596750	13.934250	77
13.757167	13.815500	69
13.778000	13.836333	65
13.930083	14.136333	72
14.282167	15.607167	55
14.350917	15.263417	62
14.373833	15.253000	65
14.473833	14.892583	69
14.492583	14.936333	74
15.200917	15.540500	74
15.203000	15.348833	69
15.738417	16.519667	55
15.828000	16.119667	62
15.894667	16.378000	65
15.946750	16.386333	68
16.194667	16.448833	74
16.388417	16.680083	79
16.619667	17.471750	77
16.878000	17.134250	62
16.882168	17.169668	65
17.465500	17.563417	76
17.721750	17.982168	57
17.848833	17.990499	60
17.907167	17.978000	64
17.925916	17.984251	67
17.936332	17.978000	71
17.940500	17.984251	76
18.363416	18.784250	76
18.365499	19.161333	57
18.371750	18.842582	71
18.378000	18.773832	67
18.386333	18.834249	60
18.394666	18.611334	64
18.775917	18.955084	72
18.973833	19.217582	76
19.150917	19.209249	67
19.340500	19.636595	76
19.344667	19.484251	71
19.371750	19.638418	55
19.407167	19.600918	67
19.417583	19.582166	64
19.469667	19.592582	60
19.840500	20.221750	76
19.853000	20.071750	71
19.853000	20.175916	67
19.853000	20.244667	64
19.863416	20.292583	60
19.863416	20.380083	55
20.261333	20.413418	71
20.482168	20.546751	67
20.488416	20.532167	64
20.488416	20.782167	72
20.884250	20.953001	76
21.067583	21.165500	76
21.073833	21.150917	69
21.080084	21.563417	53
21.090500	21.198833	65
21.103000	21.155082	72
21.490499	21.530082	65
21.496750	21.532167	60
21.700918	21.748832	67
21.705084	21.765501	76
21.705084	21.778000	72
22.132168	22.386333	65
22.146749	22.367582	53
22.148832	22.430082	60
22.336332	22.442583	76
22.340500	22.392584	72
22.340500	22.394666	67
22.603000	23.473833	53
22.682167	23.209249	60
22.740499	23.255083	64
22.761333	23.069668	68
22.805082	23.113416	79
22.817583	23.173834	72
23.194668	23.380083	77
23.407167	24.084249	76
23.644666	23.682167	68
24.080084	24.334249	74
24.244667	24.292583	56
24.294668	24.544668	76
24.471750	24.957166	57
24.523832	24.780082	72
24.961332	25.007168	64
24.963417	25.011333	60
24.965500	25.019666	72
24.969667	25.017584	67
25.380083	25.434250	72
25.380083	25.446750	67
25.392584	25.463417	57
25.398832	25.461332	64
25.405082	25.465500	60
25.611334	25.753000	57
25.611334	25.769666	60
25.611334	25.775917	72
25.611334	25.775917	67
25.611334	25.790500	64
26.007168	26.413418	72
26.021749	26.444668	67
26.025917	26.488416	55
26.028000	26.413418	64
26.044668	26.417583	60
26.488416	26.540500	64
26.500917	26.555082	60
26.692583	26.819668	72
26.700918	26.861334	67
27.078001	27.198833	72
27.078001	27.225918	64
27.084249	27.275917	60
27.092582	27.255083	67
27.830084	27.903000	70
27.830084	27.909250	72
27.830084	27.911333	62
27.838417	27.890501	58
27.838417	27.898832	67
27.840500	27.903000	48
27.853000	27.905082	55
28.267584	28.544668	58
28.267584	28.619667	70
28.271749	28.619667	72
28.271749	28.623832	48
28.271749	28.705084	67
28.282167	28.519666	55
28.282167	28.719667	62
28.644666	28.986334	55
28.842582	29.257168	70
28.861334	29.044668	62
29.269666	29.782167	48
29.273832	29.721750	55
29.300916	29.378000	69
29.463417	30.144666	69
29.471750	29.750917	62
30.132168	30.409250	67
31.034250	32.498832	43
31.123832	31.473833	62
31.530082	32.475918	50
31.778000	32.590500	53
32.200918	32.482168	55
32.398832	32.630083	58
32.588417	32.721750	62
32.744667	33.290498	43
32.769666	33.192583	53
32.780084	32.953001	62
32.780084	33.163416	50
32.878000	33.271749	69
33.244669	33.371752	67
33.467584	34.017584	67
33.946748	34.463419	65
34.440500	34.550916	64
34.609251	35.588419	48
34.673834	35.328001	55
34.778002	34.917581	59
34.834249	35.311334	64
35.463419	35.821748	59
35.917581	37.748834	48
36.146749	37.567583	55
36.352998	37.663416	62
36.573831	36.753000	64
36.761331	36.936334	71
36.969667	37.128000	69
37.163416	37.242582	76
37.371752	37.492582	76
37.580084	37.780084	83
37.782167	38.032167	81
37.982168	38.302999	88
38.136331	38.517584	43
38.232168	38.696748	83
38.488416	39.573831	53
38.717584	39.432169	57
38.959249	39.225916	62
39.155084	39.448831	65
39.365499	39.675916	69
39.619669	39.903002	72
39.850916	39.965502	69
40.092584	40.852998	50
40.111334	40.423834	68
40.346750	40.573831	67
40.363416	40.850916	53
40.573831	41.119669	65
40.794668	41.080084	56
41.030084	41.157167	62
41.055082	41.602998	64
41.269666	41.367582	56
41.565500	42.203001	62
42.080084	42.427999	44
42.188417	42.930082	64
42.536333	43.552999	53
42.761331	43.309252	56
43.017584	43.498834	60
43.444666	43.838419	56
43.721750	43.896749	64
44.180082	44.973833	50
44.232168	45.125917	56
44.236334	45.102998	62
44.246752	45.125917	59
44.250917	45.067583	53
44.250917	45.067583	68
44.280084	45.048834	71
44.307169	45.088419	65
45.313417	45.894666	56
45.325918	45.875917	59
45.334249	45.948831	68
45.334249	45.984251	71
45.342584	45.917581	50
45.359251	45.938417	52
45.363416	46.069666	64
45.365499	46.019666	62
46.405084	46.973833	60
46.427999	46.992582	64
46.436334	48.067583	45
46.440500	46.900919	57
46.480081	46.736334	67
46.525919	46.973833	71
46.542581	46.653002	52
46.834249	47.442583	52
47.090502	47.715502	57
47.357168	47.948831	72
47.361334	47.957166	60
47.846750	48.205084	52
48.115499	48.265501	67
48.132166	48.196748	60
48.442583	48.832166	59
48.511331	48.753000	64
48.557169	48.730081	67
48.573831	49.044668	43
48.590502	48.905084	55
48.648832	49.017584	71
48.911333	49.057169	52
48.946748	49.219667	69
49.430082	49.488416	76
49.946748	50.157167	59
50.163416	50.217584	52
50.171751	50.238416	43
50.175916	50.367582	67
50.203001	50.342584	64
50.400919	50.519666	59
50.623834	52.517584	41
50.663416	51.090502	64
50.898832	51.305082	60
50.944666	51.578001	48
51.205084	51.571748	53
51.425916	52.034250	59
51.911333	52.538416	48
52.148832	52.548834	53
52.169668	52.648832	60
52.661333	54.038416	57
52.705084	54.050916	53
52.715502	54.061334	41
52.753000	54.140501	48
54.359251	55.038416	41
54.411333	54.698831	57
54.455084	55.128000	48
54.503000	54.677999	60
54.513418	54.836332	51
54.573831	54.982168	63
55.042581	55.153002	60
55.248834	55.682169	41
55.292581	55.453001	57
55.330084	55.703001	54
55.342584	55.636331	60
55.342584	55.640501	48
55.409250	55.988416	63
55.519666	56.165498	67
56.390501	57.182169	43
56.442583	57.221750	53
56.507166	57.188417	65
56.519666	57.109251	59
57.311334	57.394666	43
57.369669	58.061334	53
57.552999	57.834249	59
57.569666	57.655084	60
57.602998	58.355081	63
58.690500	59.909250	43
59.042581	59.948831	50
59.238416	59.352998	53
59.355081	59.484251	59
59.480081	59.536333	63
59.636331	59.790498	65
59.844667	60.261331	71
60.215502	61.071748	75
60.575918	61.061334	55
60.773832	61.102998	62
60.907167	61.042581	65
61.067583	61.227998	74
61.838419	61.903002	68
61.842584	61.896749	58
61.848833	61.903002	54
61.852998	61.909250	66
61.852998	61.930082	60
61.857168	61.917581	48
62.092584	62.425916	54
62.094667	62.423834	68
62.094667	62.432169	58
62.094667	62.482168	60
62.107168	62.394666	66
62.107168	62.436334	48
62.528002	62.996752	48
62.544668	63.080084	67
62.555082	62.961332	55
62.555082	63.115499	60
63.615499	63.671751	54
63.621752	63.719667	57
63.625917	63.700918	64
63.632166	63.686334	49
63.632166	63.698831	43
63.636331	63.703001	67
63.857168	64.107168	43
63.861334	64.092584	54
63.863416	64.086332	49
63.867582	64.169668	57
63.867582	64.196748	67
63.871752	64.269666	64
64.223833	65.336336	43
64.275919	65.519670	50
64.313417	65.065500	65
64.313417	65.467584	53
64.325918	65.088419	57
64.325918	65.117586	62
65.013414	65.748834	64
65.675920	66.805086	43
65.767580	66.867586	53
65.800920	66.257166	62
65.807169	66.153002	57
65.809252	66.852998	50
66.736330	66.965502	67
66.800920	66.986330	74
66.888414	67.380083	79
67.284250	67.719667	57
67.469667	67.784250	64
67.602998	67.794664	67
67.730081	68.146753	74
68.073831	68.286333	79
68.503000	69.244669	60
68.607164	68.909250	76
68.873834	69.017580	83
68.923830	69.161333	67
69.023836	69.148836	88
69.128000	69.269670	71
69.134248	69.209253	83
69.246752	69.355081	76
69.340502	69.465502	83
69.467584	69.917581	88
69.734247	70.130083	100
70.015497	70.403002	60
70.063417	70.352998	95
70.338419	70.507166	67
70.340502	70.540498	100
70.519670	70.665498	95
70.584253	70.680086	76
70.667581	70.815500	88
70.784250	70.911333	95
70.838419	70.940500	74
70.888414	71.050920	100
71.040498	71.159250	93
71.057169	71.511331	74
71.134248	71.278002	86
71.282167	71.425920	98
71.327997	71.592584	76
71.390497	71.505083	93
71.528002	71.621752	84
71.659250	71.840502	96
71.786333	71.923830	91
71.925920	71.977998	84
71.930086	71.994669	83
72.044664	72.169664	95
72.186334	72.267580	91
72.209253	72.259248	89
72.282167	72.388414	83
72.430086	72.890497	72
72.434252	72.903002	79
72.494669	73.144670	91
72.869669	73.096750	76
73.102998	73.317583	83
73.317583	73.542581	91
73.534250	73.569666	96
73.946748	74.505083	58
73.965502	74.134248	81
74.119669	74.305086	86
74.244669	74.344667	81
74.286333	74.455080	65
74.355081	74.461336	74
74.448831	74.621752	81
74.492586	74.559252	70
74.605081	74.721750	77
74.730081	74.850916	74
74.755083	74.834253	65
74.844667	75.007166	81
74.975916	75.105081	77
75.100916	75.236330	74
75.236330	75.384248	81
75.417581	75.640497	77
75.617586	75.790498	74
75.867586	76.644670	55
75.994669	76.263414	69
76.246752	76.567583	62
76.280084	76.436334	81
76.425920	76.532167	74
76.461336	76.561334	65
76.521753	76.659250	69
76.625917	76.773836	77
76.748834	76.886331	74
76.871752	77.023836	69
77.019670	77.267580	74
77.215502	78.803003	53
77.263414	77.569666	69
77.538416	77.692583	62
77.565500	77.732164	81
77.709253	77.821748	74
77.821748	77.875917	77
77.986330	78.098833	81
78.119669	78.344667	93
78.332170	78.730081	89
78.371752	78.546747	65
78.665498	78.834253	62
78.678003	78.892580	86
78.865503	79.084253	81
79.030084	79.205080	89
79.173830	79.403002	86
79.380083	79.452997	81
79.561334	80.257166	52
79.713419	80.015497	91
79.940500	80.121752	86
79.969667	80.157167	59
80.113420	80.259248	83
80.146753	80.294664	64
80.278002	80.450914	86
80.303003	80.386331	59
80.413416	80.588419	91
80.548830	80.636331	86
80.707170	81.150919	51
80.709253	80.886331	90
80.863420	80.973833	85
80.932169	81.180086	58
80.975916	81.144670	82
81.086336	81.225916	85
81.123834	81.234247	63
81.207170	81.325914	90
81.288416	81.400919	85
81.444666	81.778002	50
81.473833	81.634248	89
81.609247	81.753000	84
81.628000	81.682169	86
81.644670	81.898836	57
81.725916	81.892580	81
81.778002	81.861330	62
81.863420	82.019670	84
81.998834	82.180086	89
82.128000	82.225916	84
82.330080	82.957170	49
82.463419	82.715502	89
82.471750	82.990503	61
82.696748	82.888414	83
82.861330	83.023836	80
82.996752	83.194666	83
83.142580	83.371752	89
83.300920	83.430086	83
83.419664	83.738420	48
83.473833	83.765497	55
83.515497	83.813417	60
83.544664	83.898836	89
83.805086	83.950914	82
83.955080	84.100916	79
84.065500	84.188417	82
84.196748	84.359247	88
84.232164	85.028002	60
84.267580	84.825914	72
84.292581	85.007166	67
84.311334	84.438417	82
84.430086	84.594667	79
84.525919	84.646753	82
84.623834	84.775919	86
84.734247	84.869669	82
84.857164	85.034250	79
84.975916	85.109247	82
85.150919	85.415498	84
85.175920	85.467584	72
85.184252	85.392580	60
85.190500	85.444666	67
85.367586	85.596750	82
85.561334	85.832170	79
85.767580	85.861330	82
86.142580	86.698831	64
86.153002	87.003000	69
86.171747	87.030084	72
86.217584	86.452997	76
86.428003	86.607164	81
86.596750	86.759248	84
86.638414	86.957170	65
86.782167	86.913416	81
86.890497	87.025919	76
87.034250	87.148836	81
87.209253	87.584253	62
87.215502	87.655084	72
87.219667	87.380083	74
87.373834	87.534250	77
87.503000	87.734247	65
87.523836	87.684252	84
87.671747	87.792581	77
87.798830	87.919664	74
87.923830	88.036333	77
88.053003	88.530084	60
88.088419	88.217584	72
88.236330	88.357164	76
88.352998	88.538416	84
88.363420	88.540498	64
88.511331	88.642580	76
88.636331	88.823831	72
88.815500	89.036333	76
89.032167	89.607164	59
89.084253	89.352998	71
89.296747	89.452997	74
89.450914	89.698831	65
89.477998	89.659250	77
89.657167	89.823831	74
89.827997	90.007166	71
90.005083	90.211336	74
90.248834	91.936334	64
90.255083	90.423830	77
90.469667	90.648836	74
90.625917	90.778002	76
90.625917	90.975916	68
90.786333	90.930086	80
90.944666	91.096750	76
90.967584	91.190500	71
91.107164	91.217584	81
91.257166	91.373834	76
91.440500	91.586336	81
91.588419	91.786333	80
91.782167	91.923830	83
91.982164	92.132166	76
92.190500	92.530084	71
92.415498	92.784250	76
92.475916	92.959253	68
92.753000	92.961336	83
92.977998	93.190500	76
92.982164	93.346750	74
93.173830	93.365503	84
93.342584	93.511331	80
93.357164	93.471750	71
93.500917	93.682169	76
93.628000	93.832170	74
93.671747	93.850916	86
93.830080	93.998834	80
93.842584	93.950914	68
93.992586	94.169664	76
94.028002	94.200914	71
94.184252	94.423830	88
94.198831	94.403002	64
94.436334	94.488420	68
94.436334	94.723833	80
94.688417	95.067583	76
95.067583	96.750917	57
95.286333	95.636331	88
95.621752	95.771753	76
95.863420	96.084253	84
95.909250	96.225916	64
96.061334	96.280084	79
96.253000	96.352998	76
96.444666	96.680086	67
96.638414	96.882166	76
96.646753	96.867586	72
96.869669	97.019670	57
96.886331	97.003000	64
96.886331	97.034250	67
97.050920	97.130083	64
97.232164	97.440500	72
97.425920	97.648836	55
97.827997	97.948831	67
97.832170	97.946748	72
97.840502	97.977998	60
97.848833	97.992586	53
97.884248	97.961336	64
98.267580	98.696748	53
98.267580	98.719667	72
98.267580	98.778002	67
98.278002	98.559252	60
98.282167	98.632166	64
99.282167	99.327997	63
99.288416	99.327997	66
99.292581	99.350916	53
99.298830	99.346750	72
99.305086	99.355081	60
99.771753	100.561334	66
99.773836	100.434252	72
99.773836	100.492586	63
99.786333	100.496752	60
99.786333	100.498834	53
100.819666	100.865503	66
100.819666	100.867586	59
100.819666	100.871752	64
100.825914	100.878000	52
100.830080	100.875917	71
101.263414	101.594667	71
101.273836	101.642580	59
101.273836	101.690500	66
101.273836	101.705080	64
101.278002	101.634248	52
101.855081	101.898836	66
101.855081	101.911333	64
101.867586	101.911333	59
101.896753	101.959253	52
102.257166	102.932169	52
102.275919	102.559252	59
102.452997	102.753000	66
102.452997	102.894670	63
102.863420	102.975916	59
102.875917	103.096750	64
103.344667	103.830080	64
103.794664	104.880083	40
103.809252	104.271753	66
103.827997	104.240503	63
103.836336	104.259248	59
104.242586	104.417581	47
104.432169	104.832170	63
104.448831	104.725916	59
104.878000	105.009248	52
104.886331	104.998834	47
105.094667	105.484247	63
105.094667	105.492586	69
105.094667	105.582170	59
105.094667	106.013414	40
105.503000	105.680086	47
105.702997	106.000917	68
105.707170	106.009248	59
105.721750	106.015497	63
105.925920	106.028002	52
106.117586	106.253000	47
106.332170	106.711336	68
106.332170	106.730081	63
106.332170	106.740503	57
106.352998	107.346750	40
106.732164	106.965502	47
106.930086	106.984247	57
106.930086	107.023836	66
106.936334	107.005083	63
107.134248	107.303003	52
107.325914	107.515497	47
107.538416	107.996752	66
107.542581	107.913416	56
107.550920	108.188417	40
107.555086	107.867586	63
107.950914	108.128000	47
108.148836	108.267580	56
108.148836	108.311334	64
108.386331	108.565500	47
108.738420	108.775919	56
108.738420	108.786333	63
108.738420	108.788416	44
108.746752	108.786333	32
108.757166	108.798830	61
109.128000	109.173830	32
109.142580	109.188417	44
109.144670	109.555086	63
109.148836	109.565500	56
109.161333	109.413416	61
109.521753	110.423830	44
109.709253	109.928003	61
109.711336	109.890497	56
109.911333	110.119669	51
110.169664	110.380083	56
110.269670	110.700914	60
110.632166	110.928003	44
110.640497	110.803003	56
110.855081	111.344667	63
110.878000	111.042581	60
111.080080	111.253000	51
111.248834	111.452997	44
111.442583	111.590502	51
111.636331	111.707170	44
111.638414	111.761331	57
111.846750	112.977998	44
111.865503	112.319666	57
111.888414	112.290498	63
112.313417	112.498834	51
112.503000	112.888414	66
112.515497	112.892580	57
112.525919	112.786333	63
112.740503	112.890497	56
112.940500	113.136331	51
113.134248	113.803003	57
113.157167	114.380083	44
113.161333	113.678003	54
113.173830	113.813417	63
113.173830	113.827997	66
113.194666	113.334253	71
113.194666	113.782167	69
113.678003	113.946748	51
113.869669	114.442583	68
113.880083	114.352998	57
113.894670	114.413416	63
114.394670	114.452997	51
114.409250	114.473833	54
114.642580	114.975916	68
114.650919	115.609247	45
114.663416	114.905084	63
115.159250	115.300920	49
115.327997	115.715502	66
115.340502	115.688417	57
115.542581	115.638414	51
115.732164	115.800920	49
115.952997	116.077997	66
115.957170	116.571748	45
115.967584	116.019670	63
116.355081	116.573831	51
116.575914	117.053003	78
116.584253	116.938417	69
116.605081	116.659250	57
116.792581	117.477998	57
117.207170	117.484247	61
117.421747	117.884248	63
117.628000	117.753000	69
117.753000	117.882166	75
117.859247	117.907167	78
117.982164	118.261331	81
118.092584	118.315500	87
118.180086	118.325914	90
118.303003	118.469667	93
118.344667	118.669664	57
118.413416	118.538416	90
118.515497	118.557169	87
118.600916	118.646753	81
118.715502	118.803003	78
118.846750	118.913416	75
118.961336	119.115503	69
119.092584	119.238420	75
119.223833	119.632166	57
119.230081	119.661333	69
119.230081	119.792581	63
119.236330	119.800920	61
119.732164	120.030084	75
119.959253	120.215502	78
120.159250	121.430086	56
120.198831	121.361330	63
120.202997	121.384248	61
120.215502	120.357164	68
120.388414	120.507166	75
120.492586	120.540498	78
120.646753	120.723833	80
120.732164	120.886331	85
120.892580	121.144670	92
121.038416	121.161333	87
121.105081	121.161333	88
121.159250	121.300920	85
121.290498	121.342584	80
121.448831	121.544664	75
121.573831	121.696748	73
121.700914	121.767580	68
121.844667	121.898836	56
121.844667	121.980081	73
121.855081	121.909250	63
121.865503	121.921747	61
121.967584	122.050920	75
122.088419	122.215502	68
122.105081	122.373834	56
122.115503	122.459253	63
122.136331	122.507166	61
122.223833	122.394670	73
122.352998	122.517580	75
122.477998	122.636331	80
122.607164	122.748834	75
122.734247	122.921747	73
122.925920	123.738420	54
122.930086	123.803003	63
122.938417	123.255083	66
122.942583	123.823831	61
123.207170	123.436334	73
123.384248	123.636331	75
123.586336	123.867586	80
123.825914	124.094667	75
124.050920	124.192583	73
124.132166	126.334253	53
124.215502	126.390497	60
124.278002	126.442583	63
124.294664	125.086336	65
124.611330	124.842584	72
124.784250	124.919664	75
124.900919	125.144670	77
125.036333	125.171747	75
125.157167	125.303003	72
125.290498	125.586336	65
125.511331	125.830080	70
125.742586	126.086336	73
126.007166	126.355081	77
126.271753	126.582170	73
126.553003	126.680086	70
126.700914	127.215502	52
126.863420	127.223833	64
127.159250	127.257166	70
127.207170	127.415498	58
127.332170	127.503000	73
127.403002	127.586336	61
127.494669	127.688417	76
127.592584	127.686334	64
127.632166	127.773836	73
127.759248	127.907167	70
127.894670	128.352998	51
127.982164	128.232164	63
128.190500	128.380083	70
128.207170	128.405084	58
128.352998	128.492586	73
128.405084	128.486330	61
128.484247	128.688417	75
128.646753	128.790506	73
128.782160	128.867578	70
128.919672	129.330087	50
128.957163	129.188410	62
129.132166	129.267587	70
129.234247	129.521753	56
129.296747	129.480081	73
129.457163	129.809244	74
129.663416	129.973840	73
129.669672	129.878000	62
129.719660	129.825922	56
129.919672	130.436334	70
130.363413	130.655084	31
130.371744	130.702997	43
130.419672	131.500910	62
131.100916	132.467584	50
131.105081	131.480081	66
131.405084	131.636331	70
131.405084	131.780084	54
131.657160	131.994669	74
131.732172	131.917581	59
131.844660	131.992578	66
131.961328	132.023828	70
132.034250	132.136331	54
132.165506	132.282160	74
132.250910	132.475916	86
132.400919	132.492578	78
132.488413	132.561334	82
132.588419	132.707163	74
132.644663	133.094660	50
132.702997	132.919672	86
132.796747	132.873834	78
132.896753	132.955087	82
133.067590	133.271753	86
133.161340	133.500910	98
133.303003	133.513422	90
133.359247	133.430078	59
133.378000	133.432169	50
133.384256	133.440500	54
133.494669	134.632166	94
133.955087	134.365503	62
134.317590	134.513422	67
134.509256	134.659250	71
134.659250	134.719660	77
134.755090	134.936334	86
134.819666	134.965494	90
134.886331	134.975916	94
134.957163	135.017587	98
136.750910	137.192590	48
136.794672	137.167581	55
136.873834	137.275919	67
136.886331	137.261331	58
136.886331	137.336328	64
137.569666	137.946756	66
137.580087	137.819666	42
137.586328	137.875910	51
137.586328	137.898828	57
137.609247	137.838419	63
138.432169	139.321756	41
138.436334	139.307169	48
138.442590	139.255090	64
138.450922	139.311334	57
138.469660	139.319666	60
139.773828	140.423837	40
139.775919	140.446756	56
139.775919	140.746744	62
139.782160	140.382166	47
141.138422	142.667581	60
141.140497	142.678003	55
141.140497	142.725916	52
141.148828	142.794672	33
141.157160	142.767587	45
143.105081	144.346750	31
143.105081	144.507166	59
143.109247	144.396753	43
143.109247	144.517587	56
143.109247	144.532160	50
143.123834	144.511331	53
144.827997	148.394663	36
144.898828	148.450922	43
144.982172	148.469660	47
145.498834	145.744669	52
145.827997	146.044672	57
146.040506	146.100916	59
146.236337	146.434244	64
146.428003	146.661340	69
146.630090	146.740503	74
146.871744	147.230081	76
147.157160	147.530084	81
147.492578	147.638422	83
147.813410	148.207163	88
148.159250	148.296747	93
148.432169	148.580087	88
148.494669	148.667581	93
148.536340	148.859247	36
148.555078	148.669672	95
148.642587	148.680078	100
