2.130000	2.502917	36
2.130000	2.519583	48
2.498750	2.744583	38
2.513333	2.765417	50
2.761250	2.911250	52
2.765417	3.025833	40
2.982083	3.144583	53
2.992500	3.182083	41
3.194583	3.340417	55
3.198750	3.367500	43
3.377917	3.573750	57
3.398750	3.571667	45
3.577917	3.757083	47
3.580000	3.688333	59
3.767500	3.946667	60
3.767500	3.948750	48
3.936250	4.140417	62
3.959167	4.155000	50
4.119583	4.238333	64
4.134167	4.327917	52
4.284167	4.432083	65
4.294583	4.486250	53
4.486250	4.655000	55
4.486250	4.684167	67
4.661250	4.934167	69
4.677917	4.913333	57
4.915417	6.448750	59
4.919583	6.434167	71
6.394583	6.598750	72
6.413333	6.623750	60
6.863333	7.355000	60
6.898750	7.380000	72
7.286250	7.527917	57
7.327917	7.548750	69
7.542500	7.759167	53
7.559167	7.802917	65
7.759167	8.055000	57
7.771667	8.023750	69
7.988333	8.190417	72
7.990417	8.173750	60
8.269583	9.167500	52
8.321667	8.815417	64
8.659167	8.932083	55
8.677917	8.969583	67
8.942500	9.130000	60
8.946667	9.142500	72
9.171667	9.559167	55
9.286250	9.680000	67
9.540417	9.713333	62
9.609167	10.521667	74
10.619583	11.073750	57
10.630000	11.094583	69
11.027917	11.248750	59
11.042500	11.300833	71
11.271667	11.482083	60
11.273750	11.377917	72
11.463333	11.663333	62
11.475833	11.659167	74
11.673750	11.834167	64
11.694583	11.869583	76
11.905000	12.134167	65
11.913333	12.123750	77
12.130000	12.302917	68
12.144583	12.284167	80
12.350833	12.540417	69
12.382083	12.571667	81
12.582083	12.811250	83
12.584167	12.780000	71
12.786250	12.913333	84
12.786250	13.013333	72
12.980000	13.152917	74
12.986250	13.167500	86
13.192500	13.373750	88
13.196667	13.350833	76
13.432083	13.648750	89
13.434167	13.625833	77
13.688333	14.007083	80
13.692500	13.919583	92
14.055000	14.307083	81
14.071667	14.342500	93
14.405000	14.559167	92
14.407083	14.500833	80
14.540417	14.709167	93
14.555000	14.684167	81
14.840417	15.005000	80
14.840417	15.023750	92
14.998750	15.217500	93
15.017500	15.184167	81
15.280000	15.457083	92
15.284167	15.357083	80
15.450833	15.761250	89
15.461250	15.594583	77
15.746667	15.827917	76
15.755000	15.815417	88
15.911250	16.232083	88
15.919583	16.115417	76
16.223750	16.386250	86
16.232083	16.321667	74
16.390417	16.550833	84
16.396667	16.519583	72
16.686250	16.848750	86
16.694583	16.821667	74
16.842500	17.332083	76
16.846667	17.394583	88
17.330000	17.465417	65
17.361250	17.492500	77
17.788333	17.836250	76
17.792500	17.834167	88
18.246667	18.655000	64
18.263333	18.580000	76
18.705000	18.752917	76
18.709167	18.750833	88
19.159167	19.615417	77
19.167500	19.536250	65
19.594583	19.646667	88
19.600833	19.659167	76
20.027917	20.105000	64
20.042500	20.144583	76
20.475833	20.527917	88
20.488333	20.540417	76
20.934167	21.396667	66
20.944583	21.390417	78
21.405000	21.455000	79
21.409167	21.471667	67
21.834167	21.871667	81
21.844583	21.913333	69
22.286250	22.519583	71
22.290417	22.569583	83
22.594583	22.675833	72
22.598750	22.723750	84
22.759167	22.890417	83
22.796667	22.882083	71
23.050833	23.163333	69
23.057083	23.157083	81
23.217500	23.927917	64
23.221667	23.836250	76
24.132083	24.598750	76
24.442500	24.998750	57
24.577917	24.692500	71
24.892500	24.977917	64
25.038333	25.492500	72
25.344583	25.611250	69
25.500833	26.042500	74
25.817500	26.002917	64
25.984167	26.375833	57
25.998750	26.384167	76
26.311250	26.382083	64
26.434167	26.813333	71
26.738333	27.050833	69
26.877917	27.377917	72
27.190417	27.409167	64
27.321667	27.759167	74
27.721667	28.205000	58
27.752917	28.134167	76
28.080000	28.184167	65
28.182083	28.634167	70
28.513333	28.644583	65
28.605000	29.088333	72
28.955000	29.034167	62
29.044583	29.290417	74
29.427917	29.892500	52
29.494583	29.905000	74
29.800833	29.863333	59
29.915417	30.155000	68
30.232083	30.380000	64
30.373750	30.827917	69
30.669583	30.715417	59
30.807083	31.167500	71
31.211250	31.573750	45
31.240417	31.421667	72
31.475833	31.561250	60
31.505000	31.688333	47
31.665417	31.911250	62
31.690417	31.927917	48
31.936250	32.044583	50
31.936250	32.313333	64
32.111250	32.211250	50
32.352917	32.430000	50
32.567500	32.825833	64
32.802917	32.990417	52
32.984167	33.890417	45
33.025833	33.267500	72
33.325833	33.455000	52
33.336250	33.555000	60
33.511250	33.830000	62
33.798750	33.857083	57
33.813333	34.132083	64
34.244583	34.596667	52
34.463333	34.723750	64
34.932083	35.507083	50
34.982083	35.288333	64
35.313333	35.465417	60
35.348750	35.557083	53
35.477917	35.780000	62
35.761250	35.842500	57
35.765417	36.177917	64
36.211250	36.442500	50
36.219583	36.382083	60
36.405000	36.521667	53
36.419583	36.680000	62
36.702917	36.827917	64
36.705000	36.775833	57
36.844583	37.419583	50
36.850833	37.382083	60
37.330000	37.869583	62
37.340417	37.813333	52
37.830000	37.875833	53
37.838333	37.886250	64
38.292500	38.352917	57
38.292500	38.452917	67
38.796667	39.140417	67
38.800833	39.177917	64
38.807083	39.157083	60
39.125833	39.269583	38
39.271667	39.321667	60
39.271667	39.342500	67
39.275833	39.332083	64
39.550833	39.952917	38
39.550833	39.992500	50
40.021667	40.415417	64
40.044583	40.452917	60
40.457083	40.596667	38
40.461250	40.584167	50
40.652917	40.725833	66
40.659167	40.705000	60
40.663333	40.707083	62
41.138333	41.636250	66
41.152917	41.659167	38
41.159167	41.811250	60
41.159167	42.267500	62
41.161250	41.638333	50
41.602917	41.736250	67
41.859167	42.219583	60
41.869583	42.371667	69
41.915417	41.998750	38
41.925833	42.023750	50
42.373750	43.496667	67
42.961250	43.802917	43
43.377917	43.694583	60
43.702917	43.838333	55
43.798750	43.930000	60
44.057083	45.357083	59
44.065417	45.136250	43
44.077917	44.877917	55
45.823750	46.102917	60
45.830000	46.098750	48
46.138333	46.267500	50
46.138333	46.302917	62
46.286250	46.371667	64
46.288333	46.542500	52
46.548750	46.646667	65
46.548750	46.692500	53
46.730000	46.892500	67
46.734167	46.900833	55
46.982083	47.138594	69
46.996667	47.161250	57
47.146667	47.311250	71
47.167500	47.357083	59
47.394583	47.780000	72
47.396667	47.621667	60
47.782083	47.923750	77
47.805000	47.946667	65
47.944583	48.223750	81
47.950833	48.175833	69
48.223750	48.357083	72
48.227917	48.384167	84
48.369583	48.623750	81
48.386250	48.546667	69
48.644583	48.715417	65
48.657083	48.750833	77
49.100833	49.686250	64
49.119583	49.544583	76
49.465417	49.632083	67
49.484167	49.632083	79
49.627917	49.767500	72
49.638333	49.763333	84
49.923750	50.088333	76
49.930000	50.119583	88
50.075833	50.517500	84
50.084167	50.296667	72
50.502917	50.571667	79
50.511250	50.596667	67
50.925833	51.457083	62
50.944583	51.305000	74
51.244583	51.382083	65
51.263333	51.392500	77
51.386250	51.534167	69
51.386250	51.636250	81
51.677917	51.836250	72
51.686250	51.871667	84
51.838333	52.259167	81
51.848750	52.032083	69
52.255000	52.311250	65
52.255000	52.757083	77
52.707083	53.257083	55
52.744583	53.073750	83
53.071667	53.227917	79
53.113333	53.242500	62
53.215417	53.357083	74
53.463333	53.619583	79
53.555000	53.659167	67
53.605000	53.855000	74
53.871667	54.015417	71
54.007083	54.294583	74
54.027917	54.275833	62
54.307083	54.367500	71
54.448750	54.698750	67
54.502917	54.780000	55
54.736250	54.875833	71
54.790417	54.850833	62
54.861250	55.136250	67
54.877917	54.932083	55
55.144583	55.309167	62
55.330000	55.619583	67
55.363333	55.642500	55
55.367500	55.721667	43
55.615417	55.690417	62
55.750833	55.813333	50
55.780000	56.102917	59
56.071667	56.213333	62
56.213333	56.509167	60
56.213333	56.865417	36
56.575833	56.821667	52
56.611250	56.844583	43
56.759167	57.065417	55
56.788333	56.859167	48
57.042500	57.227917	60
57.207083	57.563333	64
57.502917	57.669583	52
57.517500	57.677917	48
57.652917	57.902917	55
57.675833	57.769583	43
57.934167	58.177917	60
58.132083	59.442500	36
58.146667	58.557083	64
58.427917	58.611250	52
58.592500	58.844583	55
58.869583	59.117500	58
58.921667	59.294583	48
59.042500	59.586250	64
59.357083	59.540417	52
59.444583	59.509167	48
59.540417	59.798750	55
59.850833	60.013333	58
60.021667	60.552917	41
60.032083	60.390417	60
60.340417	60.513333	48
60.492500	60.955000	57
60.809167	60.927917	53
60.980000	61.357083	60
60.996667	61.500833	41
61.307083	61.538333	48
61.471667	62.000833	57
61.496667	61.575833	53
61.915417	62.438333	43
61.996667	62.459167	59
62.321667	62.467500	50
62.457083	62.975833	55
62.844583	63.017500	50
62.984167	63.440417	59
63.302917	63.465417	50
63.461250	63.673750	55
63.855000	64.625833	45
63.917500	64.107083	60
64.196667	64.330000	57
64.292500	64.477917	52
64.369583	64.542500	60
64.615417	64.671667	64
64.723750	64.777917	57
64.794583	65.030000	69
65.042500	65.213333	72
65.107083	65.234167	60
65.225833	65.496667	76
65.492500	65.734167	72
65.509167	65.613333	64
65.675833	65.911250	81
65.677917	66.088333	57
66.017500	66.190417	69
66.050833	66.252917	59
66.180000	66.530000	71
66.244583	66.321667	60
66.502917	66.913333	72
66.934167	67.394583	60
67.132083	67.452917	71
67.452917	67.565417	72
67.590417	67.898750	57
67.594583	67.865417	69
67.902917	68.077917	59
67.913333	68.067500	71
68.067500	68.252917	72
68.082083	68.323750	60
68.336250	68.498750	74
68.340417	68.465417	62
68.507083	68.765417	76
68.509167	68.684167	64
68.748750	68.925833	65
68.755000	68.892500	77
68.911250	69.205000	67
68.911250	69.236250	79
69.161250	69.596667	69
69.175833	69.644583	81
69.557083	69.711250	67
69.565417	69.788333	83
69.719583	70.021667	69
69.746667	70.073750	81
70.050833	70.202917	67
70.050833	70.227917	83
70.217500	70.521667	81
70.223750	70.415417	69
70.519583	70.642500	67
70.525833	70.671667	83
70.682083	70.984167	81
70.696667	70.842500	69
70.975833	71.123750	67
70.988333	71.117500	83
71.134167	71.177917	84
71.140417	71.177917	65
71.567500	71.607083	84
71.580000	71.644583	65
72.005000	72.050833	65
72.013333	72.059167	84
72.457083	72.577917	65
72.461250	72.513333	84
72.721667	72.790417	83
72.792500	72.867500	81
72.867500	72.909167	79
72.877917	72.919583	64
73.319583	73.373750	64
73.327917	73.369583	79
73.809167	74.009167	79
73.811250	74.275833	64
74.261250	74.675833	76
74.677917	74.721667	77
74.698750	74.767500	74
74.702917	74.763333	62
75.136250	75.250833	77
75.155000	75.217500	74
75.155000	75.259167	62
75.596667	75.640417	77
75.619583	75.671667	58
75.621667	75.688333	74
76.067500	76.517500	77
76.075833	76.146667	58
76.096667	76.498750	74
76.548750	76.617500	48
76.555000	76.615417	76
76.565417	76.623750	72
77.057083	77.136250	48
77.057083	77.180000	76
77.069583	77.142500	72
77.542500	77.617500	40
77.555000	77.611250	74
77.559167	77.605000	68
77.575833	77.636250	52
78.015417	78.065417	74
78.015417	78.086250	40
78.021667	78.073750	68
78.021667	78.086250	52
78.486250	78.536250	33
78.500833	78.536250	72
78.505000	78.550833	69
78.505000	78.561250	45
78.959167	79.090417	72
78.961250	79.052917	69
78.963333	79.044583	45
78.969583	79.067500	33
79.436250	79.494583	43
79.436250	79.523750	31
79.448750	79.509167	71
79.448750	79.513333	67
79.705000	79.907083	43
79.713333	79.959167	31
79.713333	80.186250	71
79.717500	79.890417	67
80.177917	81.815417	29
80.184167	80.496667	65
80.188333	81.752917	41
80.190417	80.611250	72
80.194583	80.709167	69
80.665417	80.844583	64
80.869583	81.073750	69
81.102917	81.161250	72
81.323750	81.605000	76
81.534167	81.786250	84
81.534167	81.902917	88
81.794583	82.019583	81
81.800833	81.863333	79
82.032083	82.282083	76
82.252917	82.621667	31
82.257083	82.617500	43
82.261250	82.559167	83
82.727917	82.905000	83
82.736250	82.955000	31
82.744583	82.965417	74
82.744583	82.967500	79
82.744583	83.009167	43
83.184167	83.348750	81
83.186250	83.275833	43
83.192500	83.263333	72
83.194583	83.302917	31
83.446667	83.888333	83
83.452917	83.569583	43
83.452917	83.607083	74
83.461250	83.586250	31
83.884167	84.988333	84
83.896667	84.000833	31
83.896667	84.044583	43
83.896667	85.000833	76
84.380000	84.450833	45
84.386250	84.475833	33
84.644583	84.734167	45
84.646667	84.740417	33
84.880000	85.117500	33
84.880000	85.142500	45
85.123750	85.536250	84
85.125833	85.748750	76
85.619583	85.809167	84
86.082083	86.167500	84
86.082083	86.198750	34
86.084167	86.207083	46
86.092500	86.136250	76
86.573750	87.615417	46
86.580000	87.492500	34
86.586250	86.840417	84
86.594583	87.015417	76
87.034167	87.175833	88
87.113333	87.627917	86
87.588333	87.790417	84
88.111250	88.173750	45
88.111250	88.180000	33
88.111250	88.182083	84
88.644583	89.509167	33
88.650833	89.538333	45
88.652917	89.082083	84
88.659167	89.130000	77
89.071667	89.211250	88
89.136250	89.659167	86
89.644583	89.702917	84
90.055000	90.127917	32
90.077917	90.123750	44
90.098750	90.142500	84
90.115417	90.175833	77
90.646667	91.542500	32
90.648750	91.061250	84
90.663333	91.102917	77
90.665417	91.534167	44
91.075833	91.180000	86
91.144583	91.719583	84
91.667500	92.277917	83
92.205000	93.719583	48
92.213333	92.398750	84
92.677917	93.457083	55
93.209167	93.765417	62
93.719583	94.109167	64
94.257083	94.552917	48
94.298750	94.567500	64
94.536250	94.730000	50
94.548750	94.815417	65
94.769583	94.971667	67
94.773750	95.048750	52
95.005000	95.252917	69
95.023750	95.244583	53
95.240417	95.486250	71
95.248750	95.425833	55
95.482083	95.711250	72
95.494583	95.734167	57
95.744583	95.930000	59
95.748750	95.894583	74
95.973750	96.190417	60
95.973750	96.223750	76
96.215417	96.469583	77
96.221667	96.438333	62
96.438333	96.615417	79
96.438333	96.690417	64
96.648750	96.871667	65
96.663333	96.894583	81
96.882083	97.073750	67
96.884167	97.121667	83
97.107083	97.246667	84
97.107083	97.340417	69
97.323750	97.567500	71
97.344583	97.596667	86
97.577917	97.834167	88
97.588333	97.782083	72
97.823750	98.073750	89
97.836250	98.071667	74
98.071667	98.117500	91
98.075833	98.111250	76
98.582083	99.092500	91
98.588333	99.090417	76
99.067500	99.111250	90
99.067500	99.125833	74
99.365417	99.867500	90
99.369583	99.863333	74
99.827917	100.348750	91
99.830000	100.305000	76
100.302917	100.525833	72
100.313333	100.563333	88
100.542500	100.773750	76
100.563333	100.798750	84
100.773750	101.034167	88
100.788333	101.013333	72
101.011250	101.557083	91
101.013333	101.130000	76
101.498750	101.996667	88
101.946667	102.013333	90
101.973750	102.030000	74
102.440417	102.677917	90
102.444583	102.680000	74
102.665417	102.798750	76
102.673750	102.932083	91
102.900833	102.942500	78
102.913333	103.475833	93
103.400833	103.888333	90
103.436250	103.861250	74
103.871667	104.438333	91
103.888333	104.377917	76
104.327917	105.044583	72
104.361250	104.698750	88
104.623750	105.169583	84
105.088333	105.305000	69
105.119583	105.405000	91
105.346667	105.632083	88
105.348750	105.502917	72
105.563333	105.655000	76
105.575833	105.807083	84
105.813333	105.867500	74
105.817500	105.861250	90
106.250833	106.438333	74
106.250833	106.471667	90
106.461250	106.615417	76
106.475833	106.723750	91
106.713333	106.925833	93
106.734167	106.800833	78
107.196667	107.448750	81
107.221667	107.482083	93
107.665417	107.867500	81
107.665417	107.938333	93
107.902917	108.155000	91
107.909167	108.025833	79
108.140417	108.209167	90
108.150833	108.225833	78
108.394583	108.484167	76
108.394583	108.488333	88
108.640417	109.005000	74
108.642500	108.838333	86
108.861250	109.121667	93
108.869583	109.038333	81
109.117500	109.390417	98
109.121667	109.219583	86
109.350833	109.592500	93
109.359167	109.527917	81
109.607083	109.671667	95
109.646667	109.702917	84
109.865417	109.994583	91
109.886250	109.946667	79
110.098750	110.240417	86
110.123750	110.371667	74
110.350833	110.532083	79
110.350833	110.567500	91
110.588333	110.732083	95
110.592500	110.730000	83
110.823750	110.919583	79
110.827917	110.998750	91
111.065417	111.338333	98
111.069583	111.198750	86
111.309167	111.425833	95
111.311250	111.394583	83
111.575833	111.792500	93
111.598750	111.817500	81
111.617500	111.690417	83
111.796667	112.011250	90
111.802917	111.984167	78
112.019583	112.230000	74
112.021667	112.217500	86
112.248750	112.377917	78
112.252917	112.415417	90
112.480000	112.642500	81
112.492500	112.667500	93
112.698750	112.875833	78
112.713333	112.880000	90
112.955000	113.111250	86
112.959167	113.161250	98
113.180000	113.415417	93
113.184167	113.332083	81
113.425833	113.698750	95
113.448750	113.690417	83
113.667500	113.894583	91
113.671667	113.871667	79
113.902917	114.109167	86
113.902917	114.159167	74
114.130000	114.315417	91
114.142500	114.290417	79
114.363333	114.555000	95
114.380000	114.536250	83
114.575833	114.732083	79
114.596667	114.784167	91
114.832083	115.080000	98
114.844583	114.986250	86
115.080000	115.200833	83
115.080000	115.257083	95
115.317500	115.490417	97
115.327917	115.421667	85
115.542500	115.796667	95
115.561250	115.707083	83
115.777917	115.988333	98
115.788333	115.952917	86
116.002917	116.167500	95
116.032083	116.109167	83
116.234167	116.388333	87
116.242500	116.400833	99
116.473750	116.657083	95
116.496667	116.673750	83
116.690417	116.888333	100
116.702917	116.861250	88
116.911250	117.192500	95
116.938333	117.113333	83
117.155000	117.298750	89
117.155000	117.330000	101
117.386250	117.555000	95
117.398750	117.505000	83
117.615417	117.715417	90
117.623750	117.669583	102
117.748750	117.819583	102
117.852917	117.975833	95
117.886250	117.952917	83
118.073750	118.105000	103
118.082083	118.123750	91
118.575833	118.677917	91
118.577917	118.734167	103
118.717500	118.880000	98
118.736250	118.848750	86
118.873750	118.919583	83
118.873750	119.017500	95
119.023750	119.082083	91
119.025833	119.096667	79
119.027917	119.094583	81
119.161250	119.300833	74
119.196667	119.273750	88
119.196667	119.321667	86
119.311250	119.388333	71
119.332083	119.490417	83
119.486250	119.577917	79
119.486250	119.644583	67
119.661250	119.809167	62
119.667500	119.815417	74
119.817500	119.865417	59
119.823750	119.975833	71
119.975833	120.113333	55
119.990417	120.067500	65
120.005000	120.069583	67
120.142500	120.302917	50
120.163333	120.311250	62
120.248750	120.446667	47
120.317500	120.498750	59
120.440417	120.546667	43
120.484167	120.577917	55
120.973750	121.317500	67
120.980000	121.282083	62
120.980000	121.292500	55
120.980000	121.298750	31
120.980000	121.325833	43
120.980000	121.332083	59
