4.527910	4.898744	48
4.532077	4.907077	60
4.884160	5.117494	52
4.900827	5.094577	64
5.132077	5.196660	67
5.146660	5.265410	55
5.352910	5.413327	72
5.354994	5.409160	60
5.550827	5.688327	76
5.569577	5.746660	64
5.767494	5.963327	67
5.775827	5.938327	79
5.986244	6.504994	72
5.992494	6.575827	84
6.482077	6.696660	67
6.502910	6.752910	79
6.717494	6.963327	64
6.736244	7.119577	76
7.144577	7.290410	67
7.165410	7.317494	79
7.369577	7.767494	60
7.379994	7.575827	72
7.586244	7.746660	77
7.586244	7.779994	65
7.782077	7.857077	81
7.786244	7.969577	69
7.986244	8.050827	84
8.000827	8.069577	72
8.179994	8.313327	89
8.196660	8.350827	77
8.384160	8.517494	81
8.390410	8.627910	93
8.611244	8.886244	84
8.615410	9.073744	96
9.040410	9.154994	81
9.040410	9.244577	93
9.234160	9.427910	77
9.248744	9.552910	89
9.646660	9.729994	81
9.657077	9.717494	93
10.048744	10.536244	79
10.063327	10.538327	91
10.507077	10.734160	88
10.517494	10.686244	76
10.734160	11.113327	84
10.746660	11.054994	72
11.173744	11.252910	76
11.173744	11.327910	88
11.425827	12.007077	71
11.477910	11.690410	83
11.884160	12.077910	74
11.900827	12.104994	86
12.136244	12.252910	79
12.140410	12.502910	91
12.557077	12.625827	71
12.582077	12.650827	83
12.794577	13.252910	84
12.802910	13.319577	72
13.211244	13.334160	76
13.217494	13.396660	88
13.432077	13.561244	91
13.438327	13.525827	79
13.627910	13.761244	88
13.627910	13.763327	76
13.836244	14.025827	91
13.836244	14.044577	79
14.040410	14.259160	84
14.050827	14.796660	96
15.061244	15.121660	55
15.061244	15.182077	43
15.832077	16.104994	48
15.840410	16.079994	60
16.088327	16.229994	64
16.092494	16.271660	52
16.259160	16.315410	67
16.286244	16.359160	55
16.454994	16.511244	60
16.457077	16.594577	72
16.661244	16.800827	76
16.677910	16.836244	64
16.865410	17.044577	67
16.879994	17.115410	79
17.073744	17.277910	72
17.086244	17.517494	84
17.467494	17.638327	67
17.479994	17.684160	79
17.696660	17.984160	76
17.702910	17.896660	64
18.059160	18.152910	67
18.071660	18.265410	79
18.338327	18.779994	65
18.348744	18.809160	77
18.744577	18.934160	69
18.777910	18.992494	81
18.988327	19.394577	84
18.996660	19.088327	72
19.398744	19.477910	69
19.404994	19.950827	81
19.642494	20.465410	64
20.084160	20.350827	76
20.317494	20.550827	79
20.329994	20.515410	67
20.525827	20.634160	72
20.529994	20.750827	84
20.744577	20.802910	67
20.748744	20.917494	79
20.990410	21.548744	62
20.998744	21.461244	74
21.436244	21.607077	65
21.446660	21.609160	77
21.659160	21.986244	84
21.665410	22.096660	81
21.667494	21.769577	72
21.682077	21.817494	69
22.069577	22.117494	65
22.109160	22.194577	77
22.348744	23.327910	55
22.477910	22.919577	67
22.934160	23.123744	62
22.938327	23.125827	71
23.157077	23.273744	67
23.173744	23.652910	74
23.621660	23.667494	62
23.632077	23.700827	71
23.998744	24.577910	60
24.023744	24.871660	48
24.484160	24.707077	64
24.488327	24.696660	52
24.727910	24.894577	55
24.727910	24.963327	67
24.929994	25.023744	60
24.948744	25.404994	64
25.159160	25.292494	55
25.404994	25.707077	52
25.417494	26.244577	60
26.798744	27.154994	36
26.815410	27.088327	52
27.057077	27.217494	43
27.079994	27.221660	55
27.275827	27.329994	48
27.275827	27.375827	60
27.498744	27.732077	64
27.502910	27.700827	52
27.713327	27.944577	55
27.719577	27.927910	67
27.934160	28.138327	60
27.934160	28.196660	72
28.163327	28.588327	76
28.182077	28.404994	64
28.188327	29.004994	48
28.382077	28.602910	55
28.598744	28.857077	72
28.611244	28.748744	64
28.813327	28.925827	60
28.840410	29.190410	67
28.844577	28.934160	64
29.027910	29.071660	55
29.267494	29.302910	72
29.267494	29.309160	64
29.482077	29.863327	41
29.496660	29.729994	57
29.725827	29.871660	48
29.725827	29.892494	60
29.929994	29.996660	65
29.934160	29.988327	53
30.136244	30.304994	69
30.140410	30.275827	57
30.338327	30.538327	60
30.365410	30.575827	72
30.538327	30.707077	65
30.571660	31.157077	77
30.804994	31.227910	81
30.804994	31.507077	53
30.829994	31.140410	69
30.842494	31.144577	72
31.217494	31.475827	60
31.434160	31.479994	65
31.444577	31.546660	77
31.448744	31.532077	69
32.038327	32.438327	43
32.057077	32.304994	59
32.290410	32.459160	50
32.294577	32.429994	62
32.492494	32.571660	67
32.507077	32.559160	55
32.713327	32.909160	71
32.719577	32.867494	59
32.907077	33.109160	62
32.927910	33.148744	74
33.113327	33.277910	67
33.127910	33.438327	79
33.342494	34.600827	55
33.354994	33.682077	83
33.357077	33.623744	71
33.582337	33.819577	62
33.798744	34.009160	81
33.800827	33.884160	71
34.040410	34.411244	71
34.040410	34.529994	79
34.046660	34.184160	67
34.388327	34.657077	62
34.671660	34.992494	75
34.892494	35.544577	48
34.977910	35.194577	76
35.407077	35.577910	55
35.429994	35.507077	64
35.657077	35.779994	67
35.675827	35.725827	60
35.850827	35.915410	72
35.892494	36.036244	64
36.061244	36.298744	76
36.073744	36.277910	67
36.290410	36.523744	72
36.309160	36.700827	88
36.738327	37.075827	60
36.973744	37.404994	86
36.982077	37.196660	67
36.982077	37.217494	76
37.479994	37.754994	88
37.711244	38.327910	57
37.734160	37.948744	84
38.188327	38.332077	72
38.188327	38.377910	64
38.411244	38.486244	69
38.434160	38.532077	76
38.623744	38.686244	81
38.648744	38.825827	72
38.829994	39.063327	84
38.854994	39.029994	76
39.063327	39.421660	96
39.075827	39.250827	81
39.284160	39.473744	76
39.486244	39.648744	72
39.704994	39.854994	76
39.717494	40.163327	95
39.767494	39.825827	84
40.225827	40.596660	96
40.529994	41.219577	53
40.534160	40.832077	93
41.013327	41.229994	60
41.209160	41.332077	69
41.234160	41.298744	65
41.421660	41.534160	72
41.461244	41.588327	69
41.644577	41.713327	77
41.661244	41.800827	72
41.852910	42.290410	81
41.871660	42.021660	77
42.073744	42.211244	72
42.254994	42.446660	65
42.500827	42.973744	93
42.502910	42.938327	81
42.504994	42.771660	89
42.515410	42.644577	72
42.984160	43.240410	91
43.157077	43.794577	50
43.192494	43.411244	89
43.638327	43.798744	65
43.644577	43.834160	57
43.871660	43.944577	62
43.875827	44.013327	69
44.075827	44.173744	74
44.092494	44.221660	65
44.277910	44.475827	69
44.282077	44.450827	77
44.484160	44.667494	74
44.490410	45.196660	81
44.719577	44.957077	62
44.929994	45.132077	69
45.144577	45.690410	89
45.152910	45.211244	62
45.165410	45.523744	77
45.590410	45.915410	88
45.809160	46.582077	55
45.840410	46.015410	86
46.054994	46.361244	62
46.269577	46.473744	67
46.484160	46.875827	71
46.677910	46.752910	62
46.938587	47.079994	74
47.173744	47.738327	83
47.644577	47.932077	81
47.871660	48.411244	79
48.375827	48.713327	77
48.798744	49.350827	46
48.834160	49.973744	77
49.338327	49.438327	53
49.552910	49.638327	62
49.763327	50.350827	58
49.988327	50.200827	65
50.209160	50.477910	74
50.213327	50.400827	62
50.427910	50.588327	76
50.467494	50.536244	70
50.663327	50.757077	77
50.682077	50.742494	74
50.896660	51.196660	77
50.898744	51.148744	74
51.313327	51.492494	65
51.363327	51.590410	79
51.569577	51.882077	77
51.569577	52.367494	57
52.011244	52.173744	69
52.046660	52.236244	60
52.250827	52.386244	72
52.261244	52.463327	65
52.452910	52.509160	77
52.471660	52.586244	69
52.661244	52.867494	81
52.707077	52.892494	72
52.882077	53.067494	84
52.911244	53.119577	77
52.919577	52.975827	76
53.096660	53.350827	89
53.121660	53.217494	81
53.315410	53.427910	81
53.321660	53.600827	93
53.544577	53.686244	77
53.557077	54.092494	89
53.757077	53.823744	72
54.032077	54.282077	84
54.286244	54.904994	55
54.765410	54.944577	58
54.784160	54.936244	69
54.971660	55.132077	62
54.988327	55.140410	70
55.200827	55.261244	67
55.209160	55.261244	74
55.396660	55.550827	70
55.423744	55.586244	81
55.604994	55.784160	74
55.636244	55.875827	82
55.821660	56.069577	79
56.069577	56.323744	67
56.121660	56.194577	89
56.317494	56.498744	74
56.321660	56.984160	89
56.334160	56.807077	86
56.777910	56.850827	70
56.823744	56.925827	82
57.071660	58.225827	60
57.096660	57.338327	86
57.109160	57.396660	82
57.529994	57.925827	67
57.786244	58.209160	74
58.013327	58.177910	72
58.225827	58.365410	67
58.457077	59.138327	60
58.469577	58.994577	72
58.469577	59.034160	76
58.902910	59.098744	67
59.148744	59.488327	77
59.161244	59.427910	74
59.596660	59.673744	79
59.613327	59.671660	76
59.834160	60.300827	53
59.844577	60.182077	77
59.854994	60.159160	81
60.079994	60.371660	60
60.284160	60.352910	65
60.509160	60.767494	69
60.740410	60.925827	65
60.948744	61.088327	60
61.188327	62.029994	53
61.202910	61.765410	70
61.638327	61.821660	60
61.890410	62.129994	72
61.898744	61.992494	65
61.915410	62.117494	69
62.429994	62.773744	65
62.465410	62.771660	70
62.557077	63.225827	46
62.621660	62.823744	74
62.863327	63.134160	53
63.086244	63.223744	58
63.307077	63.661244	62
63.532077	63.602910	58
63.752910	63.909160	53
63.754994	63.834160	65
63.982077	64.452910	65
63.988327	64.509160	60
63.988327	64.790410	45
64.017494	64.490410	57
64.461244	64.752910	53
64.698744	64.867494	60
65.275827	66.542494	41
65.334160	65.692494	60
65.832077	66.113327	48
65.846660	66.242754	57
66.088327	66.382077	60
66.129994	66.227910	53
66.596660	66.700827	60
66.615410	66.700827	48
66.809160	67.667494	41
66.838327	67.990410	60
66.844577	67.702910	56
67.536244	67.692494	48
68.125827	68.588327	36
68.225827	68.479994	52
68.469577	68.573744	55
68.469577	68.586244	43
68.684160	68.757077	60
68.690410	68.744577	48
68.917494	69.071660	52
68.917494	69.140410	64
69.119577	69.300827	55
69.132077	69.365410	67
69.300827	69.457077	60
69.367494	69.446660	72
69.379994	69.515410	76
69.569577	70.492494	48
69.594577	70.061244	74
69.613327	69.988327	64
70.048744	70.277910	55
70.290410	70.823744	76
70.294577	70.769577	64
70.761244	70.857077	72
70.965410	71.409160	45
70.998744	71.157077	72
71.229994	71.432077	52
71.259160	71.340410	60
71.465410	71.536244	57
71.482077	71.563327	64
71.671660	71.727910	69
71.671660	71.865410	60
71.888327	72.048744	72
71.894577	72.059160	64
72.115410	72.323744	76
72.123744	72.288327	69
72.363327	72.971660	81
72.369577	72.975827	72
72.369577	73.152910	57
72.379994	72.948744	84
72.788327	73.029994	64
73.042494	73.136244	69
73.048744	73.529994	83
73.263327	73.323744	64
73.521660	73.917494	84
73.746660	74.465410	53
73.859160	74.250827	81
74.027910	74.223744	60
74.271660	74.452910	65
74.554994	75.071660	79
75.029994	75.309160	81
75.229994	76.073744	50
75.288327	75.779994	77
75.529994	75.923744	57
75.732077	76.029994	62
75.971660	76.500827	76
76.484160	76.784160	77
76.704994	77.217494	46
76.750827	77.190410	74
76.988327	77.236244	53
77.229994	77.282077	58
77.457077	77.802910	74
77.700827	78.177910	58
77.923744	78.117494	62
78.148744	78.494577	68
78.157077	78.561244	74
78.167494	78.492494	65
78.211244	78.475827	62
78.667494	79.004994	58
78.713327	78.854994	62
78.867494	79.000827	68
78.894577	79.140410	74
79.317494	79.438327	65
79.582077	80.084160	67
79.588327	80.040410	73
79.596660	80.313327	57
80.069577	80.307077	64
80.338327	80.725827	67
80.794577	80.934160	64
80.798744	81.002910	69
81.046660	82.254994	57
81.052910	81.550827	67
81.550827	81.734160	64
81.550827	81.834160	69
81.798744	82.273744	70
82.300827	82.609160	73
82.536244	83.588327	50
82.569577	83.052910	74
83.004994	83.319577	57
83.242494	83.729994	65
83.465410	83.646660	62
83.675827	83.802910	57
83.900827	84.700827	50
83.919577	84.467494	74
84.361244	84.640410	58
84.604994	85.157077	65
84.846660	84.961244	62
85.032077	85.146660	58
85.265410	86.340410	50
85.294577	85.788327	74
85.754994	85.948744	57
85.986244	86.571660	65
86.219577	86.396660	62
86.442494	86.550827	57
86.632077	87.694577	50
86.702910	87.332077	74
87.169577	87.354994	56
87.396660	87.788327	68
87.396660	87.819577	65
87.494577	87.654994	62
87.659160	87.711244	56
87.861244	87.994577	56
88.115410	89.248744	50
88.194577	88.792494	74
88.613327	88.934160	55
88.836244	89.348744	67
89.059160	89.265410	62
89.290410	89.386244	55
89.504994	90.294577	50
89.540410	90.573744	74
90.011244	90.246660	54
90.240410	90.725827	66
90.465410	90.596660	62
90.704994	90.744577	54
90.975827	92.171660	43
91.013327	91.657077	74
91.475827	91.757077	50
91.721660	92.004994	62
91.971660	92.048744	55
92.192494	92.259160	50
92.421660	92.777910	59
92.663327	93.527910	43
92.894577	93.154994	50
93.111244	93.467494	62
93.346660	93.517494	55
93.548744	93.744577	50
93.694577	94.140410	59
93.777910	94.240410	62
93.800827	94.469577	43
93.863327	94.107077	67
94.100827	94.327910	50
94.334160	94.429994	55
94.550827	94.884160	71
94.550827	94.888327	67
94.559160	94.798744	59
94.782077	94.921660	55
94.819577	94.911244	43
95.023744	95.188327	50
95.263327	95.634160	62
95.263327	95.727910	65
95.267494	96.346660	43
95.300827	95.544577	55
95.532077	95.838327	50
95.775827	95.946660	55
95.982077	96.263327	62
95.982077	96.346660	71
95.986244	96.336244	74
96.227910	96.390410	55
96.438327	96.646660	50
96.692494	97.473744	43
96.707077	96.967494	55
96.936244	97.177910	50
96.967494	97.694577	71
96.984160	97.440410	65
97.202910	97.377910	55
97.432077	97.669577	50
97.663327	98.392494	74
97.667494	98.059160	43
97.669577	98.340410	67
97.984160	98.136244	50
98.315410	99.484160	71
98.332077	98.625827	65
98.836244	101.761244	36
99.538327	101.567494	43
99.794577	101.642494	48
100.054994	100.211244	52
100.319577	100.498744	59
100.544577	100.632077	60
100.752910	100.904994	64
100.954994	101.142494	71
101.154994	101.207077	72
101.315410	101.377910	76
101.469577	101.629994	83
101.609160	101.715410	84
101.802910	101.865410	89
101.804994	101.886244	88
101.959160	102.240410	95
102.221660	102.365410	96
102.427910	102.561244	88
102.513327	102.657077	95
102.527910	103.532077	36
102.598744	103.052910	96
103.025827	103.067494	100
