4.260810	4.296226	29
4.700393	4.739976	41
5.085810	5.127476	29
5.456643	5.496226	41
5.825393	5.867060	29
6.164976	6.217060	41
6.492060	6.544143	29
6.794143	6.842060	41
7.079560	7.127476	29
7.352476	7.417060	41
7.369143	8.373310	60
7.377476	7.733726	56
7.673310	7.744143	29
7.910810	7.954560	41
7.929560	8.089976	56
7.939976	8.006643	53
8.223310	8.279560	29
8.464976	8.510810	41
8.746226	8.796226	60
8.750393	8.817060	29
8.758726	8.800393	56
9.010810	9.056643	41
9.279560	9.348310	29
9.283726	10.089976	58
9.289976	9.792060	55
9.523310	9.575393	41
9.798310	9.854560	29
10.062893	10.108726	41
10.077476	10.733726	55
10.083726	10.652476	52
10.352476	10.408726	29
10.631643	10.696226	41
10.881643	10.952476	29
11.142060	11.185810	41
11.158726	11.281643	53
11.250393	11.369143	55
11.342060	12.073310	56
11.392060	11.535810	29
11.404560	11.537893	61
11.412893	12.098310	60
11.692060	11.746226	41
11.948310	12.010810	29
12.227476	12.283726	41
12.233726	12.642060	56
12.246226	12.662893	53
12.483726	12.575393	29
12.744143	12.812893	41
13.004560	13.056643	29
13.012893	13.048310	61
13.014976	13.052476	53
13.027476	13.064976	56
13.304560	13.373310	41
13.527476	14.333726	58
13.529560	13.581643	29
13.533726	13.869143	55
13.775393	13.854560	41
14.048310	14.106643	29
14.300393	14.356643	41
14.314976	14.931643	55
14.319143	14.708726	52
14.562893	14.650393	29
14.812893	14.871226	41
15.058726	15.121226	29
15.279560	15.375393	53
15.312893	15.381643	41
15.362893	15.446226	55
15.398310	16.202476	56
15.458726	15.519143	58
15.500393	16.231643	60
15.529560	15.669143	29
15.756643	15.833726	41
16.014976	16.135810	29
16.304560	16.383726	41
16.544143	16.629560	29
16.792060	16.881643	71
16.794143	16.848310	41
16.796226	16.844143	67
17.029560	17.075393	67
17.033726	17.096226	29
17.273310	17.323310	41
17.517060	17.646226	29
17.758726	17.804560	41
17.769143	17.804560	56
17.769143	17.808726	60
18.012893	18.085810	29
18.250393	18.319143	41
18.250393	18.675393	56
18.256643	18.694143	53
18.485810	18.602476	29
18.719143	18.767060	41
18.967060	19.037893	29
18.983726	19.044143	60
18.985810	19.029560	56
19.208726	19.262893	41
19.454560	19.546226	29
19.460810	20.233726	55
19.462893	20.246226	58
19.464976	20.229560	51
19.683726	19.760810	41
19.950393	20.010810	29
20.192060	20.235810	41
20.433726	20.487893	29
20.687893	20.744143	41
20.919143	20.979560	29
21.131643	21.206643	53
21.162893	21.231643	41
21.221226	21.277476	55
21.235810	21.944143	56
21.279560	21.394143	58
21.339976	22.085810	60
21.344143	21.452476	29
21.569143	21.642060	41
21.808726	21.904560	29
22.069143	22.131643	41
22.083726	22.660810	56
22.087893	22.794143	53
22.304560	22.429560	29
22.556643	22.669143	41
22.802476	22.921226	29
22.821226	23.112893	56
22.827476	23.139976	60
23.058726	23.133726	41
23.304560	23.385810	29
23.310810	24.071226	58
23.319143	23.656643	55
23.537893	23.610810	41
23.781643	23.892060	29
24.031643	24.110810	41
24.050393	24.596226	55
24.058726	24.327476	48
24.294143	24.410810	29
24.539976	24.610810	41
24.783726	24.869143	29
25.039976	25.158726	41
25.287893	25.369143	29
25.517060	25.575393	41
25.527476	25.658726	71
25.535810	25.589976	67
25.742060	25.842060	29
25.752476	25.794143	67
25.767060	25.802476	63
25.989976	26.021226	53
25.989976	26.021226	56
25.996226	26.046226	41
26.208726	26.350393	29
26.439976	26.506643	41
26.450393	26.579560	71
26.454560	26.552476	67
26.664976	26.708726	67
26.669143	26.794143	29
26.685810	26.723310	63
26.906643	26.939976	56
26.906643	26.944143	53
26.917060	26.964976	41
27.123310	27.260810	29
27.350393	27.419143	41
27.356643	27.514976	71
27.367060	27.417060	67
27.573310	27.689976	29
27.585810	27.706643	67
27.594143	27.639976	63
27.792060	27.852476	41
28.023310	28.104560	76
28.023310	28.158726	29
28.029560	28.094143	72
28.244143	28.327476	41
28.477476	28.627476	29
28.487893	28.535810	68
28.487893	28.552476	72
28.727476	28.812893	41
28.983726	29.210810	29
29.260810	29.319143	41
29.269143	29.396226	71
29.287893	29.354560	67
29.479560	29.585810	29
29.498310	29.533726	67
29.500393	29.537893	63
29.712893	29.771226	41
29.723310	29.754560	56
29.723310	29.762893	53
29.937893	30.039976	29
30.171226	30.250393	41
30.177476	30.298310	71
30.185810	30.227476	67
30.392060	30.431643	67
30.392060	30.456643	29
30.402476	30.442060	63
30.608726	30.644143	53
30.614976	30.652476	56
30.621226	30.675393	41
30.831643	30.967060	29
31.050393	31.179560	71
31.054560	31.129560	41
31.056643	31.106643	67
31.262893	31.381643	29
31.269143	31.337893	67
31.279560	31.319143	63
31.481643	31.531643	41
31.717060	31.908726	29
31.931643	32.137893	64
31.937893	32.248310	60
31.964976	32.014976	41
32.150393	32.296226	29
32.360810	32.396226	60
32.367060	32.396226	56
32.385810	32.433726	41
32.587893	32.706643	29
32.825393	32.858726	58
32.827476	32.858726	55
32.827476	32.896226	41
33.050393	33.144143	29
33.239976	33.283726	56
33.275393	33.329560	41
33.469143	33.583726	29
33.681643	34.004560	56
33.683726	33.777476	41
33.687893	33.969143	53
33.887893	34.064976	29
34.108726	34.160810	41
34.129560	34.171226	53
34.131643	34.175393	55
34.373310	34.487893	29
34.373310	34.514976	53
34.373310	34.537893	55
34.379560	34.437893	41
34.600393	34.646226	41
34.814976	34.873310	55
34.821226	34.864976	53
34.837893	34.894143	41
34.846226	34.904560	29
35.052476	35.098310	41
35.077476	35.148310	29
35.308726	35.700393	29
35.308726	35.721226	41
35.312893	35.692060	55
35.317060	35.687893	53
35.758726	35.898310	55
35.764976	35.873310	53
35.983726	36.050393	29
35.996226	36.054560	41
36.192060	36.264976	54
36.231643	36.262893	58
36.235810	36.281643	30
36.508726	36.560810	42
36.702476	36.752476	30
36.706643	36.748310	54
36.712893	36.758726	58
36.935810	36.981643	42
36.956643	37.002476	56
36.958726	37.008726	59
37.175393	37.210810	61
37.177476	37.212893	58
37.187893	37.231643	30
37.404560	37.460810	42
37.631643	37.694143	30
37.660810	37.689976	58
37.881643	37.929560	42
38.112893	38.162893	30
38.358726	38.429560	64
38.360810	38.398310	54
38.360810	38.402476	58
38.360810	38.404560	42
38.587893	38.644143	30
38.825393	38.860810	54
38.825393	38.864976	58
38.831643	38.869143	42
38.831643	38.881643	63
39.058726	39.106643	30
39.298310	39.339976	42
39.310810	39.589976	54
39.312893	39.504560	61
39.312893	39.575393	58
39.537893	39.602476	30
39.762893	39.810810	42
39.792060	39.869143	54
39.817060	39.956643	59
40.012893	40.075393	30
40.031643	40.248310	58
40.046226	40.252476	54
40.223310	40.264976	42
40.473310	40.514976	30
40.487893	40.525393	58
40.489976	40.527476	54
40.727476	40.775393	42
40.729560	40.792060	54
40.735810	40.858726	59
40.939976	40.985810	30
41.177476	41.217060	61
41.181643	41.223310	42
41.185810	41.219143	54
41.408726	41.452476	30
41.637893	41.681643	54
41.877476	41.923310	30
41.898310	42.612893	59
41.900393	42.246226	54
42.106643	42.148310	42
42.329560	42.369143	30
42.592060	42.631643	42
42.592060	43.014976	54
42.598310	43.781643	58
42.837893	42.879560	30
43.060810	43.106643	42
43.281643	43.335810	30
43.502476	43.546226	42
43.758726	43.900393	31
43.979560	44.064976	43
44.233726	44.289976	31
44.237893	44.304560	53
44.237893	44.335810	59
44.467060	44.542060	43
44.475393	44.635810	60
44.489976	44.617060	55
44.710810	45.000393	62
44.710810	45.010810	59
44.712893	44.783726	31
44.923310	45.010810	43
45.181643	45.248310	31
45.181643	45.614976	53
45.412893	45.502476	43
45.639976	45.698310	31
45.871226	45.964976	43
46.112893	46.210810	31
46.331643	46.389976	43
46.331643	46.623310	53
46.562893	46.710810	31
46.783726	46.871226	43
47.012893	47.087893	68
47.027476	47.102476	31
47.096226	47.200393	67
47.183726	47.267060	65
47.396226	47.542060	31
47.633726	47.717060	43
47.873310	47.996226	31
47.885810	48.414976	64
47.887893	48.400393	53
47.892060	48.233726	59
48.096226	48.160810	43
48.325393	48.462893	31
48.331643	49.006643	59
48.335810	49.037893	62
48.556643	48.664976	43
48.792060	48.925393	31
49.025393	49.077476	43
49.031643	49.142060	60
49.035810	49.079560	53
49.254560	49.310810	31
49.467060	49.519143	43
49.471226	49.510810	53
49.471226	49.514976	60
49.689976	49.827476	31
49.896226	49.952476	43
49.904560	49.971226	60
49.914976	49.948310	55
50.137893	50.210810	31
50.146226	50.423310	59
50.152476	50.381643	55
50.367060	50.477476	43
50.556643	50.644143	67
50.602476	50.650393	71
50.625393	50.667060	79
50.637893	50.712893	31
50.848310	50.933726	43
51.092060	51.148310	31
51.321226	51.358726	53
51.327476	51.364976	60
51.327476	51.369143	64
51.327476	51.381643	43
51.554560	51.614976	31
51.558726	51.596226	53
51.558726	51.604560	64
51.562893	51.606643	60
51.775393	51.852476	43
51.785810	51.856643	60
51.787893	51.837893	53
51.787893	51.875393	64
51.994143	52.027476	56
51.996226	52.035810	53
51.996226	52.035810	60
52.000393	52.106643	31
52.212893	52.310810	43
52.452476	52.489976	60
52.458726	52.492060	56
52.458726	52.498310	53
52.458726	52.517060	31
52.673310	52.744143	43
52.917060	53.058726	31
53.144143	53.210810	43
53.158726	53.202476	53
53.162893	53.212893	64
53.164976	53.231643	60
53.367060	53.425393	31
53.383726	53.435810	60
53.387893	53.435810	64
53.387893	53.437893	53
53.592060	53.648310	43
53.610810	53.706643	53
53.610810	53.729560	60
53.614976	53.704560	64
53.819403	53.954560	64
53.831643	53.923310	53
53.831643	53.981643	31
53.835810	53.971226	59
54.054560	54.158726	43
54.200393	54.310810	53
54.258726	54.358726	59
54.304560	54.479560	31
54.310810	54.354560	67
54.544143	54.598310	43
54.764976	54.894143	31
54.996226	55.087893	43
55.048310	55.092060	66
55.050393	55.131643	73
55.258726	55.354560	73
55.262893	55.354560	31
55.264976	55.304560	66
55.477476	55.521226	73
55.481643	55.523310	66
55.489976	55.531643	70
55.492060	55.548310	43
55.687893	55.717060	73
55.687893	55.725393	66
55.694143	55.727476	70
55.700393	55.858726	31
55.923310	56.012893	43
56.146226	56.229560	60
56.150393	56.189976	57
56.152476	56.187893	53
56.154560	56.267060	31
56.364976	56.483726	43
56.587893	56.704560	31
56.823310	56.858726	73
56.823310	56.860810	66
56.825393	56.900393	43
56.827476	56.869143	70
57.050393	57.112893	31
57.281643	57.314976	53
57.281643	57.317060	57
57.281643	57.325393	60
57.296226	57.356643	43
57.500393	57.604560	31
57.712893	57.754560	73
57.723310	57.758726	66
57.723310	57.758726	70
57.739976	57.798310	43
57.946226	58.023310	31
58.192060	58.235810	60
58.192060	58.264976	43
58.194143	58.242060	57
58.194143	58.248310	53
58.410810	58.585810	31
58.627476	58.708726	74
58.627476	58.712893	71
58.652476	58.704560	43
58.717060	58.839976	69
58.735810	58.804560	72
58.821226	58.867060	71
58.835810	58.875393	67
58.842060	58.935810	31
58.956643	59.131643	67
58.956643	59.144143	65
58.960810	59.067060	69
59.117060	59.181643	62
59.129560	59.262893	64
59.202476	59.248310	62
59.214976	59.258726	65
59.483726	59.577476	43
59.498310	59.569143	31
59.731643	59.804560	43
59.744143	59.806643	31
60.167060	60.398310	31
60.194143	60.252476	43
60.389976	60.487893	71
60.402476	60.473310	74
60.469143	60.604560	69
60.489976	60.606643	72
60.592060	60.637893	71
60.602476	60.662893	67
60.717060	60.873310	65
60.719143	60.835810	69
60.846226	60.883726	67
60.862893	60.914976	64
60.977476	61.104560	65
60.981643	61.112893	62
61.094143	61.154560	64
61.125393	61.210810	60
61.256643	61.362893	62
61.273310	61.412893	59
61.371226	61.473310	60
61.394143	61.479560	57
61.652476	61.710810	43
61.660810	61.731643	31
61.912893	61.952476	59
61.917060	61.954560	55
62.171226	62.219143	43
62.175393	62.219143	57
62.183726	62.221226	53
62.185810	62.233726	31
62.433726	62.485810	43
62.444143	62.500393	31
62.681643	62.719143	57
62.685810	62.723310	53
62.687893	62.725393	43
62.696226	62.737893	31
62.927476	62.971226	43
62.939976	62.987893	31
63.179560	63.633726	57
63.181643	63.821226	31
63.181643	63.833726	43
63.189976	63.604560	53
63.717060	63.814976	53
63.727476	63.846226	57
63.846226	63.925393	55
63.862893	63.921226	59
63.939976	63.987893	57
63.950393	63.994143	60
64.262893	64.314976	48
64.262893	64.317060	60
64.269143	64.312893	55
64.273310	64.333726	52
64.492060	64.554560	48
64.512893	64.567060	36
64.739976	64.779560	52
64.739976	64.779560	55
64.744143	64.787893	60
64.752476	64.796226	48
64.758726	64.802476	36
64.989976	65.064976	48
64.998310	65.073310	36
65.244143	65.325393	48
65.262893	65.642060	60
65.264976	65.339976	36
65.264976	65.654560	55
65.264976	65.656643	52
65.487893	65.550393	48
65.487893	65.577476	36
65.712893	65.779560	36
65.723310	65.775393	48
65.729560	65.771226	60
65.731643	65.769143	55
65.744143	65.794143	52
65.962893	66.042060	48
65.985810	66.050393	36
66.212893	66.258726	48
66.212893	66.260810	60
66.217060	66.252476	56
66.221226	66.262893	52
66.221226	66.264976	36
66.467060	66.523310	48
66.481643	66.546226	36
66.704560	66.760810	48
66.717060	66.758726	60
66.717060	66.762893	52
66.721226	66.762893	56
66.721226	66.783726	36
66.937893	67.002476	48
66.969143	67.033726	36
67.214976	67.502476	60
67.219143	67.281643	48
67.221226	67.577476	56
67.221226	67.614976	52
67.225393	67.294143	36
67.462893	67.554560	48
67.475393	67.556643	36
67.706643	67.829560	36
67.714976	67.798310	48
67.714976	67.944143	62
67.714976	68.154560	52
67.727476	67.962893	56
67.950393	68.012893	48
67.958726	68.067060	36
68.219143	68.317060	64
68.242060	68.352476	29
68.475393	68.529560	41
68.708726	68.754560	60
68.717060	68.846226	29
68.948310	69.023310	41
69.198310	69.358726	29
69.212893	69.506643	60
69.217060	69.533726	57
69.433726	69.521226	41
69.677476	69.796226	29
69.929560	70.073310	41
70.162893	70.294143	29
70.385810	70.460810	41
70.389976	70.525393	71
70.394143	70.458726	67
70.608726	70.756643	29
70.612893	70.654560	67
70.621226	70.660810	63
70.852476	70.885810	56
70.852476	70.889976	53
70.862893	70.921226	41
71.081643	71.246226	29
71.314976	71.421226	67
71.323310	71.462893	71
71.327476	71.419143	41
71.525393	71.585810	67
71.537893	71.577476	63
71.544143	71.708726	29
71.777476	71.844143	56
71.777476	71.862893	41
71.785810	71.829560	53
71.994143	72.273310	29
72.235810	72.385810	64
72.239976	72.314976	41
72.239976	72.414976	60
72.458726	72.573310	29
72.469143	72.502476	56
72.473310	72.510810	60
72.689976	72.798310	41
72.914976	73.021226	29
72.919143	72.960810	56
72.925393	72.956643	53
73.152476	73.225393	41
73.375393	73.600393	55
73.381643	73.510810	29
73.381643	73.517060	53
73.583726	73.689976	53
73.587893	73.633726	41
73.808726	73.877476	29
74.056643	74.094143	56
74.056643	74.104560	60
74.062893	74.112893	41
74.289976	74.352476	55
74.289976	74.362893	58
74.317060	74.383726	29
74.523310	74.592060	41
74.550393	74.619143	53
74.552476	74.598310	56
74.764976	74.894143	29
74.983726	75.037893	51
74.987893	75.106643	55
74.992060	75.054560	41
75.206643	75.321226	29
75.425393	75.502476	41
75.452476	76.333726	53
75.452476	76.892060	56
75.685810	75.835810	29
75.902476	75.956643	41
76.144143	76.246226	29
76.371226	76.446226	41
76.604560	76.783726	29
76.817060	76.879560	41
76.844143	77.212893	55
76.850393	77.158726	52
77.060810	77.235810	29
77.292060	77.394143	41
77.537893	77.710810	29
77.764976	77.839976	79
77.769143	77.819143	67
77.769143	77.837893	72
77.771226	77.825393	41
77.996226	78.173310	29
78.200393	78.254560	41
78.235810	78.483726	60
78.235810	78.500393	67
78.239976	78.410810	55
78.435810	78.592060	29
78.644143	78.714976	41
78.679560	78.744143	67
78.687893	78.771226	79
78.687893	78.781643	72
78.694143	78.742060	69
78.896226	79.069143	29
79.119143	79.202476	67
79.123310	79.164976	60
79.127476	79.181643	41
79.348310	79.525393	29
79.523310	79.629560	67
79.556643	79.656643	72
79.569143	79.656643	74
79.598310	79.677476	79
79.781643	79.939976	29
80.025393	80.312893	60
80.029560	80.360810	55
80.046226	80.117060	41
80.237893	80.392060	29
80.485810	80.539976	41
80.500393	80.548310	60
80.508726	80.550393	55
80.721226	80.800393	29
80.752476	80.794143	55
80.752476	80.798310	60
80.956643	81.029560	55
80.960810	81.012893	60
80.962893	81.021226	41
81.175393	81.210810	56
81.179560	81.219143	53
81.179560	81.269143	29
81.402476	81.454560	41
81.631643	82.454560	56
81.633726	82.381643	53
81.635810	81.692060	29
81.864976	81.923310	41
82.102476	82.258726	29
82.342060	82.392060	41
82.342060	82.733726	55
82.558726	82.683726	29
82.767060	82.827476	53
82.769143	82.819143	41
82.844143	82.948310	55
82.929560	84.317060	53
83.023310	83.177476	29
83.258726	83.323310	41
83.489976	83.562893	29
83.756643	83.823310	41
83.989976	84.096226	29
84.231643	84.296226	41
84.452476	84.596226	29
84.667060	84.729560	41
84.683726	84.814976	53
84.769143	84.833726	55
84.810810	84.948310	56
84.889976	85.308726	58
84.902476	84.939976	30
84.925393	85.029560	54
85.162893	85.262893	54
85.185810	85.239976	30
85.404560	85.446226	42
85.410810	85.460810	54
85.423310	85.469143	58
85.629560	85.671226	30
85.887893	86.285810	58
85.892060	86.300393	54
85.904560	85.944143	30
86.121226	86.160810	42
86.352476	86.398310	30
86.354560	86.619143	58
86.364976	86.652476	54
86.579560	86.623310	42
86.821226	86.875393	30
86.825393	86.862893	54
86.833726	86.877476	58
87.064976	87.110810	42
87.100393	87.558726	61
87.106643	87.564976	58
87.287893	87.375393	30
87.527476	87.581643	42
87.544143	87.769143	56
87.544143	88.058726	60
87.760810	87.900393	30
88.017060	88.064976	42
88.017060	88.739976	56
88.027476	88.564976	53
88.244143	88.314976	30
88.479560	88.537893	42
88.696226	88.746226	30
88.710810	88.742060	58
88.727476	88.775393	54
88.931643	88.985810	42
89.137893	89.194143	30
89.164976	89.206643	58
89.169143	89.208726	54
89.369143	89.435810	42
89.606643	89.675393	30
89.623310	89.662893	58
89.625393	89.669143	54
89.862893	89.914976	42
89.862893	90.046226	63
89.862893	90.144143	54
89.871226	90.154560	58
90.060810	90.119143	30
90.292060	90.342060	42
90.296226	90.883726	65
90.300393	90.829560	54
90.333726	90.864976	60
90.531643	90.598310	30
90.758726	90.810810	42
90.985810	91.087893	30
91.056643	91.133726	71
91.227476	91.314976	67
91.229560	91.331643	71
91.237893	91.285810	42
91.442060	91.542060	30
91.679560	91.723310	42
91.692060	91.721226	54
91.727476	91.769143	58
91.892060	91.964976	30
92.125393	92.173310	42
92.156643	92.185810	54
92.162893	92.196226	58
92.348310	92.425393	30
92.589976	92.639976	58
92.594143	92.648310	54
92.606643	92.662893	42
92.792060	92.846226	30
93.044143	93.083726	58
93.044143	93.094143	42
93.050393	93.096226	54
93.267060	93.323310	30
93.302476	93.377476	54
93.302476	93.400393	58
93.519143	93.573310	42
93.564976	93.623310	63
93.564976	93.646226	54
93.581643	93.652476	58
93.756643	93.814976	30
93.994143	94.039976	42
94.010810	94.050393	54
94.010810	94.050393	58
94.010810	94.056643	63
94.212893	94.273310	30
94.233726	94.327476	54
94.233726	94.354560	63
94.233726	94.402476	58
94.446226	94.502476	42
94.687893	94.742060	65
94.689976	94.744143	30
94.698310	94.739976	58
94.702476	94.744143	54
94.906643	94.952476	42
94.937893	95.714976	66
94.950393	95.306643	54
94.954560	95.308726	58
95.144143	95.196226	30
95.373310	95.423310	42
95.614976	95.662893	30
95.623310	95.894143	54
95.629560	95.821226	61
95.635810	96.004560	58
95.817060	95.948310	66
95.858726	95.914976	42
96.071226	96.167060	32
96.308726	96.356643	44
96.323310	96.385810	56
96.331643	96.394143	60
96.535810	96.587893	32
96.554560	96.602476	56
96.558726	96.617060	60
96.771226	96.821226	44
96.787893	96.837893	56
96.800393	96.858726	60
97.000393	97.067060	32
97.014976	97.289976	56
97.014976	97.367060	60
97.229560	97.287893	44
97.458726	97.508726	58
97.462893	97.514976	32
97.477476	97.531643	61
97.694143	97.731643	44
97.694143	98.504560	63
97.700393	97.739976	32
97.700393	98.498310	60
97.704560	98.483726	54
98.135810	98.187893	44
98.139976	98.189976	32
98.364976	98.410810	44
98.371226	98.414976	32
98.573310	98.614976	44
98.583726	98.625393	32
98.802476	99.410810	65
98.804560	99.404560	54
98.819143	98.856643	44
98.819143	98.862893	32
98.819143	99.425393	60
99.285810	99.337893	32
99.298310	99.371226	44
99.714976	99.854560	53
99.760810	99.937893	56
99.767060	99.831643	37
99.802476	100.144143	61
100.023310	100.079560	49
100.235810	100.583726	61
100.262893	100.358726	53
100.494143	100.546226	49
100.737893	100.787893	37
100.754560	100.798310	54
100.783726	100.831643	61
100.956643	101.002476	49
101.202476	101.242060	54
101.206643	101.244143	61
101.427476	101.471226	49
101.656643	101.696226	37
101.669143	101.742060	53
101.669143	101.804560	61
101.894143	101.956643	49
102.135810	102.181643	61
102.148310	102.202476	53
102.373310	102.412893	49
102.602476	102.637893	37
102.608726	102.983726	54
102.608726	102.992060	61
103.067060	103.439976	61
103.087893	103.398310	54
103.327476	103.367060	49
103.585810	103.942060	37
103.635810	104.129560	61
103.656643	104.123310	53
103.898310	103.944143	49
104.185810	104.492060	61
104.210810	104.304560	53
104.423310	104.475393	49
104.706643	104.771226	37
104.729560	105.142060	54
104.729560	105.154560	61
105.075393	105.302476	49
105.396226	105.871226	61
105.400393	105.892060	54
105.773310	105.833726	49
106.054560	108.554560	37
106.221226	108.523310	49
106.302476	108.579560	53
106.392060	108.564976	56
106.529560	108.588153	61
