0.975220	1.362720	47
1.329386	1.375220	54
1.671053	1.714803	59
2.039803	2.079386	54
2.393970	2.779386	43
2.741886	2.800220	50
3.075220	3.129386	55
3.437720	3.481470	50
3.789803	4.173136	45
4.148136	4.208553	52
4.477303	4.598136	57
4.850220	4.893970	52
5.196053	5.610636	50
5.548136	5.693970	57
5.900220	5.985636	69
5.908553	5.962720	62
6.083553	6.166886	74
6.237720	6.391886	76
6.252303	6.298136	57
6.393970	6.629386	78
6.610636	6.941886	47
6.612720	6.914803	76
6.937720	6.985636	54
6.941886	7.012720	74
7.104386	8.037720	74
7.281470	7.348136	59
7.623136	7.662720	54
7.981470	8.477303	43
8.329386	8.543970	50
8.648136	8.714803	55
8.654386	8.756470	69
8.821053	8.937720	74
8.985636	9.048136	50
8.985636	9.160636	76
9.152303	9.358553	78
9.331470	9.664803	45
9.348136	9.625220	76
9.671053	9.733553	52
9.677303	9.787720	74
9.833553	9.993970	76
9.985636	10.037720	57
10.154386	10.277303	78
10.343970	10.387720	52
10.525220	11.093970	78
10.700220	11.083553	50
11.027303	11.146053	57
11.360636	11.431470	62
11.366886	11.475220	69
11.537720	11.641886	74
11.721053	11.766886	57
11.721053	11.864803	76
11.875220	12.039803	78
12.077303	12.360636	76
12.087720	12.454386	47
12.406470	12.454386	54
12.406470	12.477303	74
12.564803	13.677303	74
12.758553	12.839803	59
13.106470	13.146053	54
13.464803	13.843970	43
13.800220	13.964803	50
14.131470	14.196053	55
14.143970	14.223136	69
14.306470	14.393970	74
14.468970	14.533553	50
14.473136	14.627303	76
14.639803	14.860636	78
14.827303	15.200220	45
14.852303	15.031470	76
15.152303	15.239803	52
15.162720	15.312720	74
15.329386	15.425220	76
15.483553	15.554386	57
15.629386	15.983553	81
15.833553	15.883553	52
16.010636	16.396053	78
16.181470	16.710636	50
16.525220	16.735636	57
16.883553	16.987720	78
16.887720	16.948136	66
16.889803	17.033553	62
16.902303	16.952303	69
17.227303	17.275220	57
17.237720	17.291886	67
17.241886	17.285636	71
17.241886	17.321053	79
17.600220	18.254386	45
17.608553	17.800220	73
17.608553	17.839803	81
17.612720	17.823136	69
17.952303	18.110636	52
17.966886	18.027303	73
17.966886	18.064803	81
17.968970	18.033553	69
18.131470	18.212720	73
18.131470	18.223136	81
18.133553	18.185636	69
18.314803	18.431470	57
18.643970	18.700220	52
18.643970	18.714803	73
18.648136	18.760897	81
18.650220	18.721053	69
19.010636	19.864803	43
19.014803	19.450220	81
19.016886	19.331470	69
19.023136	19.400220	74
19.368970	19.581470	50
19.373136	19.523136	78
19.556470	19.718970	74
19.560636	19.648136	71
19.741886	19.877303	55
20.075220	20.260636	78
20.089803	20.135636	50
20.250220	20.375220	79
20.446053	20.666886	81
20.450220	20.679386	69
20.452303	20.664803	73
20.464803	20.914803	42
20.781470	20.904386	49
20.791886	20.873136	73
20.798136	20.862720	69
20.798136	20.893970	81
20.956470	21.079386	73
20.958553	21.052303	69
20.958553	21.091886	81
21.139803	21.241886	54
21.458553	21.506470	49
21.471053	21.550220	73
21.477303	21.562720	69
21.477303	21.658553	81
21.843970	22.400220	47
21.864803	22.260636	81
21.873136	22.160636	74
21.881470	22.210636	71
22.177303	22.325220	78
22.189803	22.375220	54
22.379386	22.456470	74
22.393970	22.450220	71
22.593970	22.723136	59
22.921053	23.077303	74
22.931470	22.989803	54
22.931470	23.025220	71
23.125220	23.191886	76
23.127303	23.183553	73
23.308553	23.566886	68
23.310636	24.141886	40
23.314803	23.587720	78
23.323136	23.571053	74
23.652303	23.777303	78
23.662720	23.746053	68
23.662720	23.775220	74
23.668970	23.908553	47
23.833553	24.039803	78
23.839803	23.981470	68
23.848136	24.012720	74
24.021053	24.152303	52
24.316886	24.368970	47
24.331470	24.458553	78
24.339803	24.389803	68
24.379386	24.456470	74
24.702303	25.264803	43
24.710636	24.796053	78
24.721053	24.762720	71
24.725220	24.771053	74
25.075220	25.216886	83
25.091886	25.156470	76
25.091886	25.241886	50
25.416886	25.693970	83
25.431470	25.604386	55
25.443970	25.525220	76
25.556470	25.696053	78
25.660636	25.777303	76
25.725220	25.779386	50
25.758553	25.823136	74
26.133553	26.991886	45
26.143970	26.510636	67
26.143970	26.579386	76
26.512720	26.768970	52
26.850220	27.010636	57
26.866886	27.135636	76
26.868970	27.150220	67
27.208553	27.273136	71
27.210636	27.277303	52
27.210636	27.279386	64
27.356470	27.483553	64
27.358553	27.500220	71
27.556470	28.273136	45
27.566886	27.752303	67
27.566886	27.918970	76
27.916886	27.962720	73
27.931470	28.135636	52
28.254386	28.354386	69
28.266886	28.381470	57
28.433553	28.514803	74
28.606470	28.762720	76
28.610636	28.668970	52
28.771053	28.941886	78
28.948136	29.302303	47
28.968970	29.239803	76
29.291886	29.360636	74
29.293970	29.343970	54
29.452303	30.391886	74
29.646053	29.687720	59
30.000220	30.035636	54
30.364803	30.743970	43
30.681470	30.837720	50
31.043970	31.087720	55
31.048136	31.110636	69
31.214803	31.287720	74
31.391886	31.443970	50
31.391886	31.533553	76
31.550220	31.721053	78
31.743970	32.056470	76
31.748136	32.102303	45
32.058553	32.121053	52
32.077303	32.191886	74
32.233553	32.368970	76
32.402303	32.443970	57
32.566886	32.650220	78
32.748136	32.791886	52
32.937720	33.533553	78
33.102303	33.539803	50
33.446053	33.614803	57
33.768970	33.864803	69
33.775220	33.835636	62
33.952303	34.068970	74
34.114803	34.289803	76
34.116886	34.173136	57
34.285636	34.535636	78
34.466886	34.866886	47
34.498136	34.798136	76
34.823136	34.877303	54
34.831470	34.908553	74
34.998136	36.283553	74
35.183553	35.235636	59
35.535636	35.587720	54
35.912720	36.358553	43
36.271053	36.416886	50
36.643970	36.725220	69
36.648136	36.693970	55
36.818970	36.931470	74
36.985636	37.166886	76
36.996053	37.050220	50
37.158553	37.364803	78
37.343970	37.750220	45
37.352303	37.612720	76
37.685636	37.777303	52
37.685636	37.846053	74
37.856470	37.946053	76
38.029386	38.104386	57
38.204386	38.633553	81
38.389803	38.435636	52
38.585636	38.946053	78
38.758553	39.608553	50
39.104386	39.337720	57
39.483553	39.593970	78
39.489803	39.550220	66
39.496053	39.548136	69
39.496053	39.639803	62
39.858553	39.912720	57
39.858553	39.962720	79
39.862720	39.912720	67
39.875220	39.923136	71
39.881470	39.923136	72
40.271053	41.133553	45
40.275220	40.491886	73
40.281470	40.537720	81
40.283553	40.531470	69
40.629386	40.725220	52
40.646053	40.729386	73
40.646053	40.754386	81
40.648136	40.723136	69
40.821053	40.921053	81
40.825220	40.891886	73
40.829386	40.879386	69
41.012720	41.131470	57
41.352303	41.435636	73
41.360636	41.421053	69
41.360636	41.500220	81
41.371053	41.421053	52
41.741886	42.212720	81
41.741886	42.625220	43
41.760636	42.108553	69
41.762720	42.166886	74
42.127303	42.304386	78
42.135636	42.371053	50
42.329386	42.493970	74
42.331470	42.477303	71
42.521053	42.660636	55
42.871053	43.033553	78
42.883553	42.935636	50
43.062720	43.191886	79
43.273136	43.485636	81
43.273136	43.962720	42
43.279386	43.506470	69
43.281470	43.471053	73
43.627303	43.731470	73
43.633553	43.712720	69
43.633553	43.731470	81
43.643970	43.716886	49
43.816886	43.946053	73
43.816886	43.977303	81
43.821053	43.937720	69
44.002303	44.139803	54
44.329386	44.377303	49
44.335636	44.410636	73
44.341886	44.429386	69
44.343970	44.473136	81
44.723136	45.477303	47
44.733553	45.150220	69
44.735636	45.373136	81
44.741886	45.187720	74
45.098136	45.418970	54
45.118970	45.304386	78
45.308553	45.475220	74
45.329386	45.460636	71
45.523136	45.650220	59
45.848136	45.962720	71
45.852303	46.014803	74
45.864803	45.927303	54
46.052303	46.118970	73
46.079386	46.139803	76
46.256470	46.460636	68
46.271053	46.498136	78
46.275220	46.485636	74
46.275220	47.204386	40
46.610636	46.727303	78
46.621053	46.668970	68
46.621053	46.689803	74
46.625220	46.791886	47
46.789803	46.991886	78
46.802303	46.943970	74
46.806470	46.935636	68
46.975220	47.196053	52
47.298136	47.348136	47
47.300220	47.362720	68
47.308553	47.462720	78
47.314803	47.385636	74
47.610636	48.406470	45
47.618970	47.877303	67
47.666886	47.912720	73
47.729386	47.941886	78
48.383553	48.602303	83
48.387720	48.487720	76
48.498136	48.646053	78
48.589803	48.702303	76
48.721053	48.789803	74
48.891886	49.125220	71
49.118970	49.362720	74
49.127303	49.941886	50
49.473136	49.718970	57
49.808553	50.225220	74
49.821053	50.156470	64
49.823136	49.946053	62
50.154386	50.608553	69
50.158553	50.206470	57
50.496053	51.456470	47
50.518970	51.181470	66
50.864803	51.100220	54
51.196053	51.373136	59
51.552303	51.652303	54
51.798136	52.185636	62
51.866886	51.998136	64
51.896053	52.583553	43
51.906470	52.196053	66
52.281470	52.504386	50
52.633553	52.748136	62
52.637720	52.773136	55
52.646053	52.752303	59
52.973136	53.114803	66
52.977303	53.127303	62
52.981470	53.039803	50
53.329386	54.181470	45
53.335636	53.764803	64
53.341886	53.752303	61
53.706470	54.006470	52
54.031470	54.196053	57
54.416886	54.477303	52
54.608553	54.741886	62
54.691886	54.812720	64
54.733553	55.383553	50
54.739803	55.104386	66
55.098136	55.277303	57
55.452303	55.537720	62
55.452303	55.746053	66
55.456470	55.787720	69
55.779386	55.971053	64
55.810636	55.866886	57
55.981470	56.033553	62
56.127303	56.231470	62
56.162720	57.152303	47
56.181470	56.271053	64
56.218970	56.575220	66
56.539803	56.781470	54
56.893970	57.175220	66
56.893970	57.179386	69
56.904386	57.066886	59
57.204386	57.383553	64
57.227303	57.293970	54
57.391886	57.443970	62
57.533553	57.618970	62
57.568970	57.691886	64
57.581470	58.537720	43
57.625220	57.971053	66
57.966886	58.212720	50
58.321053	58.604386	66
58.321053	58.614803	69
58.325220	58.512720	55
58.654386	58.802303	64
58.679386	58.741886	50
58.837720	58.902303	62
59.012720	59.931470	45
59.048136	59.393970	61
59.048136	59.418970	64
59.402303	59.700220	52
59.768970	59.941886	57
60.114803	60.162720	52
60.496053	60.756470	54
60.498136	60.793970	62
60.506470	60.777303	81
60.518970	60.800220	50
60.541886	60.675220	57
60.677303	60.816886	69
60.891886	61.027303	74
61.046053	61.218970	76
61.218970	61.481470	81
61.235636	61.368970	54
61.235636	61.400220	62
61.243970	61.421053	57
61.246053	61.360636	50
61.418970	61.591886	76
61.596053	61.775220	74
61.752303	61.881470	69
61.935636	62.077303	81
61.935636	62.185636	64
61.948136	62.143970	55
61.952303	62.166886	57
61.964803	62.133553	52
61.973136	62.023136	79
62.093970	62.254386	69
62.287720	62.456470	74
62.450220	62.641886	76
62.625220	62.735636	64
62.627303	62.862720	81
62.633553	62.716886	55
62.643970	62.696053	52
62.671053	62.735636	57
62.816886	62.983553	76
62.993970	63.171053	74
63.154386	63.308553	69
63.329386	63.629386	81
63.341886	63.587720	54
63.341886	63.643970	66
63.356470	63.589803	57
63.379386	63.552303	62
63.516886	63.681470	69
63.708553	63.866886	74
63.864803	64.043970	76
64.037720	64.279386	81
64.043970	64.204386	66
64.054386	64.160636	57
64.068970	64.125220	54
64.081470	64.143970	62
64.229386	64.406470	76
64.400220	64.591886	74
64.558553	64.702303	69
64.727303	64.858553	57
64.733553	64.818970	55
64.733553	64.825220	67
64.737720	65.052303	81
64.746053	64.837720	62
64.906470	65.118970	69
65.077303	65.266886	74
65.239803	65.448136	76
65.250220	65.354386	66
65.258553	65.360636	54
65.266886	65.364803	57
65.277303	65.329386	62
65.427303	65.677303	81
65.627303	65.846053	76
65.750220	65.802303	64
65.762720	65.816886	55
65.783553	65.979386	74
65.787720	65.852303	59
65.956470	66.081470	69
66.114803	66.339803	81
66.118970	66.175220	62
66.125220	66.187720	57
66.139803	66.179386	54
66.148136	66.206470	50
66.275220	66.439803	69
66.456470	66.604386	74
66.473136	66.548136	54
66.475220	66.531470	62
66.487720	66.533553	57
66.625220	66.783553	76
66.789803	67.008553	81
66.798136	66.852303	62
66.798136	66.856470	54
66.812720	66.862720	57
66.956470	67.131470	76
67.108553	67.175220	54
67.108553	67.289803	74
67.118970	67.179386	62
67.121053	67.177303	57
67.273136	67.389803	69
67.425220	67.696053	81
67.441886	67.541886	64
67.450220	67.560636	55
67.471053	67.533553	52
67.583553	67.725220	69
67.758553	67.862720	64
67.764803	67.923136	74
67.779386	67.850220	55
67.781470	67.837720	52
67.923136	68.089803	76
68.091886	68.333553	81
68.100220	68.196053	64
68.110636	68.202303	55
68.118970	68.181470	52
68.254386	68.414803	76
68.410636	68.637720	74
68.418970	68.512720	64
68.423136	68.481470	55
68.589803	68.752303	69
68.758553	69.052303	81
68.762720	68.821053	66
68.785636	68.837720	54
68.785636	68.839803	57
68.802303	68.852303	62
68.929386	69.106470	69
69.098136	69.204386	66
69.100220	69.277303	74
69.127303	69.185636	57
69.141886	69.196053	62
69.141886	69.206470	54
69.254386	69.458553	76
69.435636	69.673136	81
69.437720	69.558553	66
69.462720	69.516886	54
69.464803	69.537720	57
69.489803	69.552303	62
69.598136	69.791886	76
69.752303	69.985636	74
69.754386	69.875220	66
69.781470	69.848136	57
69.908553	70.073136	69
70.087720	70.352303	81
70.091886	70.198136	67
70.102303	70.264803	57
70.106470	70.250220	62
70.116886	70.168970	55
70.302303	70.400220	76
70.310636	70.373136	77
70.389803	70.485636	69
70.556470	70.725220	74
70.725220	70.962720	76
70.735636	70.829386	66
70.756470	70.821053	57
70.762720	70.816886	54
70.768970	70.814803	62
70.935636	71.154386	81
71.096053	71.260636	76
71.277303	71.485636	74
71.293970	71.348136	55
71.306470	71.375220	64
71.318970	71.375220	52
71.458553	71.504386	69
71.641886	72.041886	67
71.646053	72.016886	59
71.652303	72.037720	86
71.666886	72.029386	62
71.677303	71.968970	55
71.831470	71.937720	74
72.004386	72.160636	79
72.166886	72.335636	81
72.341886	72.579386	86
72.343970	72.443970	67
72.354386	72.429386	59
72.356470	72.402303	55
72.360636	72.418970	62
72.529386	72.704386	81
72.698136	72.879386	79
72.854386	72.993970	74
73.031470	73.248136	61
73.031470	73.298136	86
73.033553	73.254386	69
73.037720	73.243970	67
73.041886	73.250220	57
73.208553	73.331470	74
73.383553	73.535636	79
73.537720	73.700220	81
73.693970	73.929386	86
73.710636	73.821053	61
73.723136	73.800220	57
73.723136	73.841886	69
73.725220	73.833553	67
73.877303	74.054386	81
74.052303	74.246053	79
74.210636	74.337720	74
74.377303	74.698136	86
74.398136	74.637720	62
74.400220	74.633553	67
74.400220	74.685636	71
74.416886	74.625220	59
74.564803	74.712720	74
74.741886	74.916886	79
74.891886	75.075220	81
75.050220	75.310636	71
75.054386	75.287720	86
75.056470	75.204386	59
75.056470	75.214803	62
75.060636	75.308553	67
75.231470	75.416886	81
75.402303	75.585636	79
75.558553	75.681470	74
75.729386	75.843970	72
75.729386	75.868970	64
75.731470	76.068970	86
75.737720	75.881470	67
75.752303	75.821053	60
75.902303	76.118970	74
76.060636	76.279386	79
76.223136	76.435636	81
76.243970	76.323136	71
76.243970	76.339803	59
76.246053	76.325220	69
76.258553	76.312720	62
76.406470	76.639803	86
76.564803	76.735636	81
76.739803	76.941886	79
76.746053	76.802303	61
76.760636	76.808553	69
76.771053	76.825220	67
76.777303	76.846053	57
76.906470	77.014803	74
77.073136	77.173136	67
77.073136	77.273136	86
77.096053	77.200220	59
77.100220	77.152303	62
77.252303	77.375220	74
77.412720	77.496053	67
77.431470	77.487720	62
77.431470	77.558553	79
77.443970	77.493970	59
77.466886	77.512720	55
77.587720	77.746053	81
77.743970	77.816886	67
77.743970	77.968970	86
77.758553	77.827303	55
77.766886	77.816886	59
77.783553	77.850220	62
77.902303	78.093970	81
78.060636	78.150220	67
78.064803	78.241886	79
78.081470	78.135636	55
78.085636	78.135636	59
78.089803	78.141886	62
78.227303	78.346053	74
78.381470	78.604386	86
78.383553	78.448136	69
78.385636	78.450220	67
78.393970	78.456470	61
78.406470	78.473136	57
78.527303	78.660636	74
78.700220	78.779386	69
78.704386	78.766886	67
78.708553	78.773136	61
78.708553	78.858553	79
78.718970	78.787720	57
78.860636	79.037720	81
79.008553	79.093970	69
79.010636	79.087720	61
79.010636	79.225220	86
79.014803	79.083553	67
79.023136	79.087720	57
79.173136	79.385636	81
79.333553	79.406470	61
79.341886	79.425220	69
79.341886	79.541886	79
79.356470	79.421053	57
79.360636	79.427303	67
79.506470	79.629386	74
79.648136	79.739803	71
79.660636	79.929386	86
79.664803	79.725220	67
79.673136	79.733553	59
79.677303	79.735636	62
79.816886	79.996053	74
79.979386	80.077303	71
79.989803	80.054386	67
79.991886	80.058553	59
79.996053	80.056470	62
79.996053	80.164803	79
80.160636	80.360636	81
80.323136	80.448136	71
80.323136	80.550220	86
80.331470	80.454386	59
80.335636	80.454386	62
80.341886	80.435636	67
80.487720	80.652303	81
80.650220	80.914803	79
80.660636	80.760636	71
80.664803	80.766886	67
80.664803	80.771053	62
80.681470	80.741886	59
80.829386	80.971053	74
80.993970	81.106470	72
81.000220	81.116886	67
81.000220	81.146053	64
81.000220	81.377303	86
81.008553	81.114803	60
81.173136	81.387720	74
81.335636	81.552303	79
81.493970	81.704386	81
81.502303	81.604386	71
81.502303	81.606470	69
81.512720	81.631470	59
81.541886	81.591886	62
81.673136	81.914803	86
81.833553	82.054386	81
82.014803	82.212720	79
82.037720	82.112720	61
82.041886	82.096053	67
82.056470	82.125220	57
82.212720	82.335636	74
82.523136	83.168970	38
82.548136	82.614803	40
82.556470	82.702303	81
82.571053	82.710636	79
82.837720	83.006470	67
83.041886	83.166886	74
83.056470	83.262720	45
83.206470	83.352303	76
83.381470	83.583553	52
83.406470	83.602303	81
83.568970	83.716886	76
83.733553	83.777303	54
83.737720	83.902303	74
83.898136	84.046053	69
84.058553	84.385636	40
84.077303	84.387720	81
84.235636	84.389803	69
84.398136	84.500220	52
84.406470	84.562720	74
84.571053	84.746053	76
84.721053	84.989803	55
84.735636	84.971053	81
84.902303	85.075220	76
85.048136	85.108553	57
85.052303	85.258553	74
85.218970	85.371053	69
85.364803	85.627303	42
85.383553	85.700220	81
85.552303	85.687720	69
85.662720	85.814803	54
85.721053	85.906470	74
85.885636	86.048136	76
86.037720	86.314803	57
86.043970	86.268970	81
86.212720	86.383553	76
86.368970	86.629386	74
86.385636	86.433553	62
86.554386	86.696053	69
86.712720	86.806470	43
86.712720	86.977303	81
86.716886	86.821053	55
86.881470	87.006470	69
87.039803	87.233553	74
87.202303	87.418970	76
87.225220	87.373136	54
87.227303	87.377303	42
87.393970	87.637720	81
87.560636	87.746053	76
87.727303	87.941886	74
87.737720	87.823136	52
87.750220	87.856470	40
87.904386	88.062720	69
88.058553	88.585636	38
88.081470	88.446053	81
88.241886	88.412720	69
88.412720	88.671053	45
88.425220	88.581470	74
88.589803	88.760636	76
88.748136	89.010636	81
88.750220	88.941886	52
88.923136	89.085636	76
89.062720	89.114803	54
89.093970	89.291886	74
89.252303	89.416886	69
89.427303	89.733553	81
89.431470	89.777303	40
89.600220	89.741886	69
89.766886	89.935636	74
89.783553	89.883553	52
89.933553	90.110636	76
90.081470	90.362720	55
90.102303	90.331470	81
90.273136	90.471053	76
90.429386	90.477303	57
90.429386	90.652303	74
90.591886	90.756470	69
90.762720	91.127303	42
90.771053	91.102303	81
90.946053	91.085636	69
91.118970	91.298136	74
91.137720	91.202303	54
91.283553	91.468970	76
91.450220	91.758553	57
91.458553	91.681470	81
91.631470	91.791886	76
91.804386	92.010636	74
91.812720	91.862720	62
91.975220	92.135636	69
92.131470	92.241886	55
92.135636	92.268970	43
92.143970	92.452303	81
92.331470	92.529386	69
92.493970	92.681470	74
92.652303	92.829386	76
92.787720	92.873136	54
92.791886	92.877303	42
92.793970	93.091886	81
92.983553	93.150220	76
93.160636	93.341886	74
93.164803	93.204386	52
93.175220	93.256470	40
93.333553	93.437720	69
93.485636	93.585636	33
93.500220	93.602303	45
93.516886	93.610636	69
93.523136	93.658553	81
93.531470	93.612720	73
93.706470	93.804386	73
93.712720	93.773136	69
93.725220	93.781470	81
93.891886	93.987720	73
93.906470	93.960636	69
93.906470	93.964803	81
94.060636	94.191886	73
94.062720	94.223136	81
94.073136	94.171053	69
94.235636	94.300220	61
94.237720	94.348136	52
94.262720	94.312720	57
94.587720	94.687720	73
94.591886	94.789803	81
94.596053	94.693970	69
94.975220	95.206470	45
94.975220	95.398136	81
94.983553	95.191886	69
94.987720	95.271053	74
95.008553	95.133553	31
95.014803	95.129386	33
95.335636	95.500220	78
95.523136	95.783553	74
95.527303	95.756470	71
95.735636	95.964803	62
95.739803	96.033553	59
95.739803	96.043970	55
96.089803	96.275220	78
96.273136	96.433553	79
96.471053	96.673136	81
96.477303	96.571053	30
96.477303	96.635636	73
96.481470	96.621053	69
96.489803	96.591886	42
96.829386	96.896053	69
96.829386	96.896053	73
96.829386	96.941886	81
97.010636	97.129386	73
97.012720	97.146053	81
97.016886	97.100220	69
97.200220	97.239803	61
97.200220	97.308553	54
97.216886	97.260636	57
97.535636	97.643970	73
97.550220	97.629386	69
97.550220	97.698136	81
97.925220	98.031470	35
97.935636	98.360636	81
97.939803	98.073136	47
97.939803	98.098136	69
97.943970	98.185636	74
98.277303	98.435636	78
98.475220	98.602303	74
98.487720	98.585636	71
98.656470	98.798136	54
98.666886	98.781470	62
98.673136	98.823136	59
99.010636	99.191886	74
99.025220	99.152303	71
99.200220	99.264803	73
99.216886	99.325220	76
99.371053	99.479386	40
99.383553	99.550220	78
99.393970	99.454386	68
99.393970	99.512720	52
99.393970	99.541886	74
99.733553	99.787720	68
99.733553	99.839803	78
99.746053	99.802303	74
99.904386	100.102303	78
99.912720	100.050220	74
99.921053	100.085636	68
100.096053	100.256470	64
100.102303	100.306470	56
100.102303	100.337720	52
100.116886	100.271053	59
100.433553	100.533553	68
100.433553	100.602303	78
100.464803	100.529386	74
100.791886	100.962720	31
100.798136	100.881470	78
100.804386	101.000220	43
100.808553	100.848136	71
100.827303	100.877303	74
101.166886	101.335636	83
101.187720	101.256470	76
101.502303	101.712720	83
101.510636	101.698136	55
101.523136	101.625220	76
101.639803	101.773136	78
101.716886	101.831470	76
101.814803	101.868970	74
102.185636	102.527303	33
102.206470	102.562720	45
102.241886	102.541886	76
102.252303	102.346053	69
102.887720	103.143970	76
102.891886	103.018970	55
102.900220	103.160636	67
103.250220	103.339803	71
103.254386	103.306470	64
103.398136	103.516886	64
103.398136	103.521053	71
103.575220	103.681470	33
103.591886	103.693970	45
103.600220	103.893970	76
103.606470	103.733553	67
103.937720	103.996053	73
104.289803	104.373136	69
104.293970	104.381470	64
104.293970	104.421053	61
104.296053	104.404386	57
104.481470	104.550220	74
104.629386	104.806470	76
104.800220	104.985636	78
104.977303	105.300220	47
105.002303	105.233553	76
105.325220	105.375220	54
105.333553	105.389803	74
105.496053	106.410636	74
105.662720	105.714803	59
106.002303	106.060636	54
106.371053	106.816886	43
106.706470	106.796053	50
107.039803	107.081470	55
107.039803	107.116886	69
107.216886	107.291886	74
107.368970	107.531470	76
107.379386	107.429386	50
107.537720	107.733553	78
107.723136	108.096053	45
107.729386	108.035636	76
108.054386	108.114803	52
108.081470	108.181470	74
108.237720	108.375220	76
108.387720	108.431470	57
108.585636	108.729386	78
108.771053	108.816886	52
108.962720	109.539803	78
109.131470	109.568970	50
109.483553	109.664803	57
109.829386	109.943970	69
109.835636	109.921053	62
110.008553	110.137720	74
110.171053	110.362720	76
110.187720	110.235636	57
110.354386	110.546053	78
110.533553	111.018970	47
110.539803	110.956470	76
110.887720	110.946053	54
110.914803	110.981470	74
111.079386	112.079386	74
111.273136	111.350220	59
111.625220	111.671053	54
111.981470	112.483553	43
112.333553	112.546053	50
112.681470	112.789803	69
112.685636	112.741886	55
112.848136	112.973136	74
113.012720	113.204386	76
113.035636	113.100220	50
113.189803	113.408553	78
113.373136	113.825220	45
113.385636	113.671053	76
113.721053	113.833553	52
113.737720	113.902303	74
113.881470	113.981470	76
114.060636	114.118970	57
114.237720	114.514803	81
114.431470	114.475220	52
114.631470	114.971053	78
114.804386	115.714803	50
115.160636	115.400220	57
115.516886	115.625220	78
115.518970	115.593970	66
115.529386	115.575220	69
115.541886	115.683553	62
115.889803	115.939803	67
115.889803	115.983553	79
115.896053	115.946053	57
115.898136	115.946313	71
116.271053	117.264803	45
116.279386	116.510636	73
116.279386	116.525220	69
116.281470	116.508553	81
116.648136	116.862720	52
116.658553	116.723136	73
116.658553	116.766886	81
116.664803	116.721053	69
116.825220	116.912720	81
116.825220	116.918970	73
116.829386	116.883553	69
117.014803	117.164803	57
117.348136	117.416886	73
117.352303	117.433553	69
117.352303	117.466886	81
117.356470	117.418970	52
117.727303	118.562720	43
117.729386	118.071053	69
117.731470	118.173136	81
117.733553	118.139803	74
118.110636	118.281470	78
118.112720	118.321053	50
118.291886	118.431470	74
118.302303	118.387720	71
118.483553	118.608553	55
118.825220	119.002303	78
118.827303	118.877303	50
119.008553	119.129386	79
119.198136	119.404386	81
119.202303	119.404386	69
119.204386	119.379386	73
119.208553	119.766886	42
119.558553	119.621053	69
119.558553	119.633553	73
119.558553	119.643970	81
119.575220	119.793970	49
119.727303	119.862720	73
119.729386	119.891886	81
119.743970	119.812720	69
119.923136	120.052303	54
120.241886	120.287720	49
120.262720	120.329386	73
120.268970	120.362720	69
120.268970	120.381470	81
120.623136	121.183553	47
120.635636	121.087720	81
120.641886	120.975220	69
120.641886	121.023136	74
120.989803	121.116886	78
120.989803	121.175220	54
121.177303	121.283553	74
121.198136	121.268970	71
121.375220	121.508553	59
121.725220	121.918970	74
121.729386	121.793970	54
121.729386	121.856470	71
121.910636	121.973136	73
121.931470	121.981470	76
122.110636	122.354386	78
122.110636	123.166886	40
122.129386	122.346053	68
122.129386	122.350220	74
122.466886	122.560636	68
122.466886	122.575220	78
122.466886	122.712720	47
122.475220	122.548136	74
122.643970	122.843970	78
122.646053	122.831470	68
122.656470	122.812720	74
122.835636	123.029386	52
123.141886	123.221053	68
123.141886	123.281470	78
123.146053	123.221053	74
123.148136	123.231470	47
123.568970	123.764803	78
123.573136	123.714803	67
123.573136	123.743970	73
123.573136	123.993970	45
124.212720	124.410636	83
124.223136	124.302303	76
124.335636	124.454386	78
124.443970	124.546053	76
124.560636	124.635636	74
124.766886	125.064803	71
125.068970	125.441886	74
125.081470	125.921053	50
125.464803	125.706470	57
125.727303	125.827303	74
125.764803	125.918970	62
125.781470	125.864803	86
126.141886	126.189803	57
126.423136	126.810636	73
126.481470	127.241886	47
126.514803	126.793970	85
126.864803	127.162720	54
127.200220	127.354386	59
127.518970	127.612720	81
127.523136	127.604386	69
127.535636	127.575220	54
127.839803	128.187720	66
127.912720	128.816886	43
127.937720	128.148136	74
127.998136	128.200220	78
128.362720	128.637720	50
128.696053	128.864803	62
128.710636	128.856470	55
128.718970	128.848136	59
129.035636	129.116886	50
129.035636	129.202303	66
129.048136	129.233553	62
129.400220	130.252303	45
129.414803	129.693970	61
129.414803	129.702303	64
129.750220	130.039803	52
130.098136	130.202303	69
130.123136	130.268970	57
130.293970	130.393970	74
130.439803	130.641886	76
130.456470	130.500220	52
130.618970	130.862720	78
130.798136	131.831470	50
130.831470	131.127303	76
131.162720	131.418970	57
131.173136	131.229386	74
131.323136	131.385636	74
131.471053	131.554386	74
131.541886	131.614803	86
131.541886	131.718970	62
131.889803	131.946053	57
132.173136	132.535636	73
132.221053	133.141886	47
132.260636	132.533553	85
132.593970	132.900220	54
132.952303	133.121053	59
133.273136	133.350220	54
133.279386	133.389803	81
133.283553	133.339803	69
133.502303	133.814803	71
133.577303	133.837720	79
133.623136	134.568970	43
133.689803	133.854386	83
134.033553	134.298136	50
134.391886	134.573136	55
134.398136	134.583553	59
134.556470	134.704386	61
134.735636	134.921053	62
134.771053	134.868970	50
134.900220	135.046053	64
135.071053	135.250220	66
135.093970	135.966886	45
135.243970	135.456470	67
135.458553	135.543970	64
135.466886	135.787720	52
135.808553	135.916886	69
135.816886	135.937720	57
135.993970	136.112720	74
136.158553	136.318970	76
136.177303	136.229386	52
136.327303	136.583553	78
136.502303	137.475220	50
136.548136	136.846053	76
136.891886	136.948136	74
136.898136	137.010636	57
137.041886	137.096053	74
137.171053	137.210636	74
137.239803	137.275220	86
137.246053	137.454386	62
137.589803	137.648136	57
137.875220	138.196053	73
137.918970	138.743970	47
137.950220	138.223136	85
138.289803	138.531470	54
138.633553	138.737720	59
138.973136	139.018970	54
138.985636	139.050220	81
138.987720	139.079386	69
139.341886	140.206470	43
139.358553	139.675220	66
139.368970	139.646053	78
139.375220	139.639803	74
139.746053	140.004386	50
140.098136	140.212720	62
140.100220	140.185636	55
140.116886	140.173136	59
140.439803	140.541886	66
140.443970	140.500220	50
140.443970	140.527303	62
140.787720	141.766886	45
140.798136	141.175220	61
140.798136	141.193970	64
141.162720	141.531470	52
141.516886	141.612720	69
141.543970	141.685636	57
141.704386	141.821053	74
141.877303	142.039803	76
141.906470	141.956470	52
142.043970	142.308553	78
142.229386	142.673136	50
142.266886	142.631470	76
142.583553	142.675220	57
142.602303	142.677303	74
142.762720	142.862720	74
142.960636	143.010636	62
143.643970	143.896053	71
143.662720	143.796053	55
143.662720	143.816886	62
143.668970	143.808553	43
143.675220	143.810636	47
143.675220	143.837720	50
144.168970	144.493970	69
144.183553	144.281470	54
144.189803	144.260636	42
144.193970	144.323136	64
144.200220	144.266886	45
144.214803	144.266886	50
144.675220	144.781470	43
144.681470	144.762720	52
144.691886	144.777303	67
144.693970	144.743970	47
144.693970	144.756470	40
144.704386	144.775220	64
145.031470	146.118970	38
145.068970	145.235636	42
145.129386	146.096053	45
145.141886	145.254386	62
145.175220	146.093970	50
145.191886	145.262720	64
145.233553	146.141886	66
