2.306440	2.618940	88
2.704357	2.893940	87
2.923107	3.068940	88
3.091857	3.275190	87
3.296023	3.431440	88
3.466857	3.633523	83
3.639773	3.821023	86
3.812690	4.004357	84
3.985607	4.293940	57
4.029357	4.183523	81
4.254357	4.491857	64
4.416857	4.487690	69
4.571023	4.689773	72
4.731440	4.852273	76
4.873107	5.023107	81
5.010607	5.146023	52
5.027273	5.137690	83
5.204357	5.302273	64
5.356440	5.466857	68
5.533523	5.687690	76
5.698107	5.846023	80
5.862690	6.077273	83
6.060607	6.333523	57
6.075190	6.239773	84
6.271023	6.489773	64
6.443940	6.529357	69
6.631440	6.787690	76
6.862690	7.031440	88
7.041857	7.210607	87
7.210607	7.364773	88
7.368940	7.523107	87
7.527273	7.706440	88
7.708523	7.883523	83
7.889773	8.068940	86
8.060607	8.260607	84
8.237690	8.466857	57
8.262690	8.412690	81
8.441857	8.689773	64
8.602273	8.696023	69
8.793940	8.918940	72
8.989773	9.121023	76
9.171023	9.383523	81
9.331440	9.502273	52
9.381440	9.550190	83
9.562690	9.664773	64
9.777273	9.946023	68
9.964773	10.112690	76
10.187690	10.371023	84
10.396023	10.600190	83
10.616857	10.900190	57
10.631440	10.712690	81
10.841857	11.050190	64
11.023107	11.091857	69
11.093940	11.277273	76
11.266857	11.475190	72
11.487690	11.546023	69
11.706440	11.881440	64
11.941857	12.056440	60
12.139773	12.356440	57
12.383523	13.264773	52
12.671023	12.852273	57
12.883523	13.050190	60
13.085607	13.152273	64
13.341857	13.650190	69
13.614773	13.921023	72
13.946023	14.256440	76
14.275190	14.471023	75
14.485607	14.633523	76
14.635607	14.791857	75
14.804357	15.002273	76
15.000190	15.146023	71
15.171023	15.358523	74
15.366857	15.610607	72
15.575190	15.900190	45
15.589773	15.756440	69
15.773107	16.025190	52
15.916857	15.993940	57
16.056440	16.231440	60
16.216857	16.343940	64
16.352273	16.506440	69
16.477273	16.608523	40
16.502273	16.618940	71
16.658523	16.771023	52
16.823107	16.866857	56
16.983523	17.156440	64
17.139773	17.275190	68
17.302273	17.504357	71
17.502273	18.002273	45
17.512690	17.754357	72
17.758523	18.016857	52
17.946023	18.087690	57
18.133523	18.293940	64
18.360607	18.518940	76
18.589773	18.735607	75
18.741857	18.877273	76
18.883523	19.039773	75
19.029357	19.177273	76
19.173107	19.312690	71
19.310607	19.454357	74
19.452273	19.681440	72
19.602273	19.868940	45
19.612690	19.766857	69
19.768940	19.973107	52
19.893940	19.958523	57
20.027273	20.166857	60
20.168940	20.306440	64
20.289773	20.477273	69
20.435607	20.577273	40
20.454357	20.604357	71
20.618940	20.814773	52
20.812690	20.979357	56
20.989773	21.171023	64
21.252273	21.493940	72
21.514773	21.902273	71
21.806440	22.310607	45
21.918940	22.323107	69
22.196023	22.358523	52
22.431440	22.500190	57
22.664773	22.912690	71
22.675190	22.906440	60
22.891857	23.046023	64
22.906440	23.146023	72
23.110607	23.491857	74
23.402273	24.071023	48
23.489773	23.750190	76
23.768940	24.054357	55
23.931440	24.031440	60
24.085607	24.239773	67
24.237690	24.410607	77
24.387690	24.564773	76
24.481440	24.673107	47
24.546023	24.656440	74
24.712690	24.773107	59
24.871023	24.991857	62
24.981440	25.129357	65
25.139773	25.304357	76
25.273107	25.456440	74
25.381440	25.664773	45
25.425190	25.539773	72
25.571023	25.771023	52
25.700190	25.760607	57
25.827273	25.962690	64
25.983523	26.114773	74
26.125190	26.348107	72
26.300190	26.693940	40
26.325190	26.512690	71
26.606440	26.773107	52
26.781440	26.862690	64
26.881440	27.002273	68
27.002273	27.056440	71
27.133523	27.200190	76
27.223107	27.371023	80
27.383523	27.454357	83
27.529357	27.602273	88
27.775190	28.066857	92
28.031440	28.283523	95
28.331440	28.564773	100
28.648107	28.848107	99
28.854357	29.012690	100
29.014773	29.202273	99
29.231440	29.837690	100
29.871023	30.093940	99
30.098107	30.246023	100
30.250190	30.398107	99
30.406440	30.568940	100
30.575190	30.781440	99
30.833523	31.227273	100
31.339773	31.566857	99
31.585607	31.785607	100
31.841857	32.093940	95
32.087690	32.346023	98
32.312690	32.671023	97
32.573107	32.862690	69
32.600190	32.777273	93
32.825190	33.108523	76
33.010607	33.077273	81
33.164773	33.279357	85
33.323107	33.456440	88
33.475190	33.625190	93
33.508523	33.566857	92
33.621023	33.750190	64
33.641857	33.791857	95
33.812690	33.973107	76
33.977273	34.060607	80
34.135607	34.281440	88
34.285607	34.435607	92
34.454357	34.668940	95
34.627273	34.962690	69
34.654357	34.841857	97
34.868940	35.127273	76
35.033523	35.185607	81
35.233523	35.868940	88
35.481440	35.708523	100
35.725190	35.916857	99
35.929357	36.158523	100
36.104357	36.321023	99
36.333523	36.593940	100
36.541857	36.758523	95
36.762690	36.960607	98
36.954357	37.239773	97
37.168940	37.435607	69
37.193940	37.385607	93
37.383523	37.673107	76
37.566857	37.648107	81
37.714773	37.833523	85
37.881440	38.018940	88
38.050190	38.223107	93
38.206440	38.346023	64
38.227273	38.493940	95
38.410607	38.602273	76
38.625190	38.671023	80
38.868940	39.237690	76
39.200190	39.591857	86
39.593940	40.118940	85
40.060607	40.733523	57
40.098107	40.381440	81
40.356440	40.881440	64
40.552273	40.748107	69
40.748107	40.921023	80
40.975190	41.193940	81
41.237690	41.541857	83
41.493940	41.735607	56
41.514773	41.796023	85
41.766857	42.391857	64
41.956440	42.273107	71
42.158523	42.304357	76
42.356440	42.550190	86
42.625190	43.016857	85
43.008523	43.533523	54
43.021023	43.479357	83
43.291857	43.573107	61
43.518940	43.712690	66
43.531440	43.614773	81
43.718940	43.827273	61
43.758523	43.852273	80
43.946023	44.121023	81
43.952273	44.023107	66
44.143940	44.487690	83
44.362690	45.571023	52
44.404357	44.687690	85
44.610607	45.377273	59
44.796023	45.550190	64
45.014773	45.264773	76
45.283523	45.614773	83
45.627273	45.893940	81
45.860607	46.262690	50
45.898107	46.350190	80
46.146023	46.312690	57
46.356440	46.610607	78
46.364773	46.421023	62
46.562690	46.750190	66
46.762690	47.137690	69
46.991857	47.266857	78
46.998107	47.079357	74
47.273107	47.600190	80
47.543940	47.718940	81
47.881440	48.300190	49
47.889773	48.381440	80
48.139773	48.341857	57
48.343940	48.396023	61
48.373107	48.702273	78
48.581440	48.810607	61
48.791857	49.031440	66
48.996023	49.206440	78
49.021023	49.248107	69
49.198107	49.414773	80
49.248107	49.298107	73
49.421023	49.625190	81
49.629357	50.379357	61
49.660607	50.156440	80
49.912690	50.223107	65
50.160607	50.671023	77
50.204357	50.481440	68
50.443940	50.566857	73
50.714773	50.923107	68
50.964773	51.150190	73
50.996023	51.193940	65
51.262690	51.779357	61
51.287690	51.537690	85
51.308523	51.529357	81
51.796023	51.877273	83
51.802273	51.852273	80
51.960607	52.318940	83
51.968940	52.356440	80
52.000190	52.258523	54
52.281440	52.448107	61
52.493940	52.612690	78
52.493940	52.646023	81
52.496023	52.810607	66
52.698107	52.833523	69
52.893940	53.002273	61
53.093940	53.285607	73
53.333523	53.512690	85
53.348107	53.523107	81
53.656440	53.733523	83
53.664773	53.718940	80
53.812690	54.025190	53
53.825190	54.014773	80
53.825190	54.156440	83
54.079357	54.302273	61
54.354357	54.616857	65
54.573107	54.621023	68
54.625190	55.021023	77
54.864773	55.008523	68
55.100190	55.331440	65
55.129357	55.366857	77
55.373107	55.600190	61
55.387690	55.650190	78
55.639773	55.798107	80
55.875190	56.339773	54
55.914773	56.218940	81
56.143940	56.408523	61
56.354357	56.537690	73
56.354357	56.604357	69
56.383523	56.521023	66
56.598107	56.687690	61
56.814773	57.112690	52
56.835607	57.348107	81
57.048107	57.304357	61
57.296023	57.462690	64
57.323107	57.673107	73
57.327273	57.696023	69
57.616857	57.660607	61
57.881440	58.506440	69
57.996023	58.506440	73
58.008523	58.508523	50
58.056440	58.637690	78
58.131440	59.168940	81
58.441857	58.552273	57
58.610607	58.673107	62
58.812690	59.033523	66
59.031440	59.408523	69
59.302273	59.504357	74
59.560607	59.831440	78
59.635607	59.752273	69
59.862690	60.135607	66
60.189773	60.421023	74
60.225190	60.664773	81
61.021023	61.171023	74
61.112690	61.275190	76
61.160607	62.864773	52
61.237690	61.464773	80
61.460607	61.564773	81
61.560607	61.681440	80
61.633523	61.896023	59
61.681440	61.812690	81
61.766857	61.904357	80
61.902273	62.012690	81
61.991857	62.068940	80
62.093940	62.214773	81
62.316857	62.468940	81
62.452273	62.546023	80
62.652273	62.735607	80
62.785607	62.968940	81
62.973107	63.210867	80
63.248107	63.450190	81
63.508523	63.791857	80
63.852273	64.114773	76
64.452273	64.704357	75
64.785607	64.964773	76
64.991857	65.200190	75
65.198107	65.373107	76
65.375190	65.539773	75
65.558523	65.718940	76
65.737690	65.923107	71
65.929357	66.152273	74
66.106440	66.468940	73
66.281440	66.689773	45
66.350190	66.566857	69
66.564773	66.831440	52
66.735607	66.802273	57
66.887690	67.027273	61
67.050190	67.198107	64
67.193940	67.406440	69
67.337690	67.485607	40
67.383523	67.527273	71
67.521023	67.675190	52
67.675190	67.764773	56
67.827273	67.983523	64
67.975190	68.125190	68
68.127273	68.352273	71
68.314773	68.668940	45
68.331440	68.527273	73
68.514773	68.748107	52
68.675190	68.762690	57
68.852273	68.985607	64
69.058523	69.229357	76
69.256440	69.412690	75
69.398107	69.552273	76
69.537690	69.700190	75
69.671023	69.846023	76
69.835607	70.016857	71
69.998107	70.168940	74
70.131440	70.414773	73
70.281440	70.616857	45
70.341857	70.514773	69
70.504357	70.737690	52
70.654357	70.712690	57
70.783523	70.918940	61
70.952273	71.085607	64
71.087690	71.354357	69
71.206440	71.508523	40
71.331440	71.671023	71
71.577273	71.779357	52
71.783523	71.848107	56
72.041857	72.343940	64
72.350190	72.662690	74
72.652273	72.979357	73
72.931440	73.368940	45
72.987690	73.231440	69
73.210607	73.383523	52
73.410607	73.477273	57
73.585607	73.827273	71
73.602273	73.771023	60
73.771023	73.833523	64
73.789773	74.058523	72
73.987690	74.314773	74
74.181440	74.704357	48
74.283523	74.479357	76
74.496023	74.771023	55
74.671023	74.743940	60
74.812690	74.998107	67
74.971023	75.133523	77
75.121023	75.318940	76
75.198107	75.377273	47
75.283523	75.393940	74
75.406440	75.523107	59
75.546023	75.648107	62
75.677273	75.816857	65
75.818940	75.956440	76
75.921023	76.133523	74
76.096023	76.421023	45
76.102273	76.258523	72
76.273107	76.523107	52
76.433523	76.493940	57
76.587690	76.735607	64
76.758523	76.950190	74
76.950190	77.202273	72
77.135607	77.427273	40
77.168940	77.414773	71
77.427273	77.493940	52
77.671023	77.760607	64
77.885607	78.018940	64
78.096023	78.175190	76
78.283523	78.416857	64
78.471023	78.516857	76
78.679357	78.833523	76
78.975190	79.162690	88
79.331440	79.550190	87
79.550190	79.693940	88
79.702273	79.873107	87
79.879357	80.046023	88
80.062690	80.287690	87
80.331440	80.425190	88
80.573107	80.750190	87
80.771023	80.883523	88
80.929357	81.102273	87
81.127273	81.275190	88
81.310607	81.621023	87
81.635607	81.952273	88
81.966857	82.160607	87
82.177273	82.323107	88
82.337690	82.489773	87
82.508523	82.679357	88
82.689773	82.831440	83
82.898107	83.139773	86
83.146023	83.223107	84
83.250190	83.360607	86
83.354357	83.852273	84
83.525190	84.089773	57
83.614773	83.902273	81
83.860607	84.118940	64
84.014773	84.110607	69
84.221023	84.466857	72
84.433523	84.612690	76
84.652273	84.927273	81
84.879357	85.089773	52
84.929357	85.173107	83
85.146023	85.291857	64
85.335607	85.527273	68
85.529357	85.700190	76
85.748107	85.927273	80
85.996023	86.325190	83
86.268940	86.698107	57
86.356440	86.527273	84
86.587690	86.652273	83
86.629357	86.852273	64
86.664773	86.752273	84
86.764773	86.831440	83
86.843940	86.891857	84
86.889773	86.977273	69
86.923107	86.977273	83
86.979357	87.046023	84
87.064773	87.139773	83
87.131440	87.187690	72
87.198107	87.260607	76
87.423107	87.685607	76
87.687690	87.891857	88
87.975190	88.164773	87
88.162690	88.283523	88
88.335607	88.498107	87
88.512690	88.668940	88
88.700190	88.866857	83
88.914773	89.160607	86
89.168940	89.523107	84
89.429357	89.827273	57
89.504357	89.725190	81
89.698107	89.966857	64
89.864773	89.937690	69
90.058523	90.262690	72
90.256440	90.437690	76
90.483523	90.858523	81
90.673107	90.939773	52
90.816857	91.425190	83
91.046023	91.408523	64
91.389773	91.568940	68
91.666857	91.941857	74
92.143940	92.614773	80
92.152273	92.585607	83
93.131440	93.508523	84
93.131440	93.573107	81
93.579357	93.925190	80
93.589773	93.996023	83
93.989773	94.498107	81
93.991857	94.900190	57
94.008523	94.483523	76
94.406440	94.839773	64
94.618940	94.875190	69
94.791857	94.954357	72
95.002273	95.123107	76
95.187690	95.293940	81
95.443940	95.683523	84
95.693940	95.804357	88
96.029357	96.166857	93
96.031440	96.171023	96
