1.317250	1.592250	48
1.323500	1.567250	60
1.565167	1.767250	62
1.575584	1.783917	50
1.740167	1.848500	64
1.752667	1.973500	52
1.915167	2.088084	53
1.915167	2.090167	65
2.083917	2.233917	55
2.092250	2.273500	67
2.250584	2.411000	57
2.252667	2.406834	69
2.425584	2.550584	59
2.427667	2.598500	71
2.586000	2.748500	60
2.598500	2.788084	72
2.769334	2.900584	55
2.779750	2.913084	67
2.938084	3.065167	64
2.940167	2.996417	52
3.079750	3.173500	60
3.121417	3.181834	48
3.242250	3.367250	55
3.269334	3.398500	43
3.383917	3.542250	52
3.394334	3.513084	40
3.521417	3.863084	36
3.533917	3.683917	48
3.696417	3.865167	52
3.713084	3.875584	40
3.846417	3.921417	55
3.863084	3.992250	43
3.998500	4.102667	48
4.011000	4.104750	60
4.148500	4.290167	52
4.148500	4.308917	64
4.283917	4.423500	55
4.292250	4.379750	67
4.456834	4.550584	72
4.456834	4.552667	60
4.598500	4.744334	76
4.625584	4.692250	64
4.625584	4.729750	65
4.763084	4.948500	79
4.788084	4.894334	67
4.933917	5.086000	72
4.944334	5.171417	84
5.096417	5.223500	67
5.096417	5.254750	79
5.244334	5.406834	76
5.261000	5.319334	64
5.406834	5.477667	72
5.419334	5.569334	60
5.579750	5.736000	67
5.586000	5.752667	55
5.731834	5.871417	52
5.752667	5.894334	64
5.902667	6.131834	48
5.927667	6.052667	60
6.088084	6.258917	64
6.088084	6.261000	52
6.238084	6.377667	56
6.240167	6.313084	68
6.392250	6.458917	60
6.411000	6.498500	72
6.563084	6.711000	64
6.569334	6.686000	76
6.731834	6.896417	80
6.733917	6.879750	68
6.890167	7.148500	84
6.902667	7.017250	72
7.042250	7.177667	68
7.058917	7.208917	80
7.208917	7.348500	76
7.219334	7.265167	64
7.365167	7.438084	72
7.388084	7.492250	60
7.536000	7.683917	68
7.542250	7.656834	56
7.696417	7.844334	64
7.698500	7.829750	52
7.850584	8.063084	48
7.854750	7.967250	60
8.002667	8.179750	64
8.023500	8.186000	52
8.154750	8.250584	67
8.186000	8.300584	55
8.315167	8.419334	72
8.315167	8.421417	60
8.469334	8.644334	76
8.504750	8.638084	64
8.638084	8.790167	79
8.644334	8.761000	67
8.829750	8.942250	72
8.829750	9.036000	84
9.027667	9.169334	70
9.052667	9.223500	82
9.206834	9.267250	64
9.215427	9.363084	76
9.375584	9.465167	60
9.375584	9.471417	72
9.548500	9.586000	56
9.554750	9.608917	70
9.748500	9.892250	64
9.754750	9.821417	52
9.933917	10.144334	60
9.933917	10.396417	48
10.127667	10.311000	65
10.156834	10.363084	53
10.317250	10.448500	57
10.323500	10.402667	69
10.490167	10.583917	60
10.492250	10.571417	72
10.650584	10.823500	77
10.681834	10.802667	65
10.838084	11.006834	81
10.852667	10.994334	69
11.013084	11.152667	72
11.013084	11.279750	84
11.190167	11.367250	79
11.211000	11.371417	67
11.369334	11.500584	64
11.381834	11.540167	76
11.558917	11.646417	72
11.583917	11.715167	60
11.729750	11.881834	67
11.744334	11.894334	55
11.902667	12.052667	64
11.919334	11.983917	52
12.100584	12.321417	48
12.113084	12.263084	60
12.294334	12.461000	53
12.304750	12.467250	65
12.446417	12.604750	56
12.461000	12.548500	68
12.619334	12.686000	60
12.627667	12.727667	72
12.813084	12.950584	65
12.815167	13.011000	77
12.979750	13.136000	80
13.002667	13.071417	67
13.177667	13.396417	84
13.181834	13.302667	72
13.348500	13.469334	67
13.365167	13.533917	79
13.523500	13.569334	64
13.540167	13.673500	76
13.694334	13.873500	60
13.715167	13.786000	72
13.908917	14.113084	67
13.913084	14.061000	55
14.111000	14.181834	64
14.115167	14.158917	52
14.311000	14.600584	49
14.319334	14.475584	61
14.494334	14.625584	65
14.525584	14.661000	53
14.667250	14.804750	56
14.673500	14.831834	68
14.827667	15.073500	72
14.836000	14.973500	60
14.988084	15.152667	56
15.017250	15.096417	68
15.190167	15.254750	65
15.206834	15.267250	53
15.377667	15.506834	60
15.381834	15.783917	48
15.563084	15.727667	52
15.563084	15.727667	64
15.742250	15.886000	55
15.744334	15.825584	67
15.931834	16.011000	60
15.940167	16.050584	72
16.106834	16.252667	64
16.117250	16.248500	76
16.294334	16.433917	67
16.306834	16.440167	79
16.523500	16.683917	73
16.544334	16.831834	61
16.740167	16.950584	77
16.752667	16.906834	65
16.923500	17.102667	68
16.923500	17.140167	80
17.117250	17.367250	84
17.123500	17.265167	72
17.313084	17.479750	80
17.315167	17.475584	68
17.486000	17.592250	77
17.511000	17.569334	65
17.669334	17.775584	72
17.681834	17.938084	60
17.854750	18.006834	76
17.858917	18.025584	64
18.019334	18.088084	79
18.031834	18.177667	67
18.192250	18.300584	84
18.196417	18.281834	72
18.373500	18.538084	88
18.388084	18.519334	76
18.569334	18.708917	79
18.577667	18.752667	91
18.754750	18.873500	84
18.758917	18.971417	96
18.917250	19.050584	79
18.927667	19.096417	91
19.096417	19.140167	76
19.096417	19.246417	88
19.246417	19.344334	84
19.246417	19.363084	72
19.415167	19.552667	67
19.421417	19.569334	79
19.583917	19.729750	76
19.588084	19.629750	64
19.731834	19.825584	72
19.744334	19.881834	60
19.886000	20.015167	55
19.896417	20.036000	67
20.027667	20.077667	52
20.033917	20.173500	64
20.171417	20.265167	60
20.186000	20.296417	48
20.331834	20.456834	55
20.336000	20.452667	43
20.440167	20.540167	40
20.465167	20.636000	52
20.573500	21.261000	36
20.602667	21.175584	48
21.450584	21.633917	36
21.490167	21.665167	43
21.583917	21.669334	48
21.621417	22.025584	72
21.621417	22.058917	60
21.627667	22.008917	64
22.065167	22.169334	48
22.713084	23.038084	41
22.733917	22.933917	57
22.933917	23.071417	48
22.942250	23.086000	60
23.102667	23.192250	53
23.104750	23.202667	65
23.263344	23.427667	57
23.273500	23.490167	69
23.442250	23.627927	72
23.444334	23.617250	60
23.598500	23.790167	77
23.646417	23.754750	65
23.783917	24.113084	81
23.806834	23.952667	60
23.961000	24.167250	77
23.969334	24.025584	57
24.115167	24.306834	72
24.148500	24.298500	53
24.311000	24.369334	69
24.323500	24.490167	48
24.477667	24.654750	65
24.508917	24.598500	45
24.663084	24.777667	60
24.854750	25.275584	43
24.858917	25.067250	55
25.038084	25.219334	47
25.052667	25.223500	59
25.208917	25.356834	50
25.221417	25.319334	62
25.388084	25.521417	67
25.396417	25.448500	55
25.548500	25.690167	71
25.573500	25.667250	59
25.704750	25.848500	62
25.725584	25.886000	74
25.865167	25.981834	67
25.881834	26.123500	79
26.040167	26.188084	62
26.048500	26.256834	74
26.208917	26.383917	71
26.227667	26.265167	59
26.398500	26.488084	55
26.400584	26.446417	67
26.569334	26.711000	50
26.583917	26.754750	62
26.767250	26.865167	59
26.769334	26.823500	47
26.986000	27.508917	40
27.058917	27.340167	55
27.275584	27.461000	43
27.300584	27.467250	59
27.461000	27.596417	47
27.463084	27.567250	64
27.636000	27.713084	52
27.648500	27.861000	67
27.821417	27.958917	71
27.831834	27.906834	57
27.842250	27.892250	55
27.998500	28.238084	76
28.011000	28.073500	59
28.188084	28.375584	64
28.188084	28.436000	79
28.356834	28.508917	59
28.367250	28.550584	76
28.540167	28.715167	71
28.544334	28.629750	55
28.723500	28.771417	67
28.733917	28.848500	52
28.898500	29.108917	64
28.946417	29.036000	47
29.123500	29.217250	59
29.350584	29.819334	45
29.377667	29.646417	60
29.619334	29.773500	64
29.652667	29.788084	48
29.673500	29.738084	50
29.800584	29.938084	52
29.804750	29.879750	69
29.977667	30.204750	72
29.986000	30.044334	57
30.171417	30.308917	76
30.177667	30.292250	60
30.340167	30.504750	64
30.367250	30.538084	81
30.575584	30.808917	84
30.592250	30.704750	69
30.763084	30.931834	81
30.773500	30.927667	64
30.948500	31.006834	60
30.948500	31.115167	76
31.144334	31.200584	72
31.146417	31.288084	57
31.356834	31.486000	52
31.381834	31.540167	69
31.411000	31.469334	67
31.577667	31.629750	48
31.596417	31.740167	64
31.829750	32.329750	41
31.883917	32.071417	60
32.083917	32.136000	64
32.146417	32.294334	48
32.267250	32.415167	64
32.281834	32.344334	53
32.475584	32.756834	76
32.658917	32.815167	69
32.842250	32.902667	72
32.861000	32.933917	48
33.023500	33.340167	69
33.056834	33.661000	41
33.063084	33.269334	53
33.217250	33.521417	81
33.386000	33.554750	48
33.404750	33.619334	72
33.594334	33.781834	76
33.596417	33.661000	53
33.786000	33.867250	48
33.790167	33.977667	72
33.977667	34.069334	69
34.190167	36.075584	43
34.196417	34.450584	81
34.367250	34.608917	72
34.573500	34.644334	69
34.611000	34.713084	50
34.746417	35.017250	79
34.804750	34.927667	55
34.944334	35.129750	71
35.106834	35.211000	67
35.290167	35.548500	77
35.308917	35.523500	55
35.494334	35.721417	69
35.686000	35.763084	65
35.867250	36.233917	76
35.879750	35.973500	55
36.050584	36.223500	67
36.090167	36.140167	50
36.238084	36.475584	64
36.427667	36.904750	36
36.488084	36.592250	67
36.523500	36.613084	76
36.756834	36.840167	53
36.775584	36.933917	43
36.967250	37.108917	55
36.971417	37.033917	48
37.150584	37.217250	60
37.150584	37.290167	52
37.338084	37.461000	64
37.346417	37.404750	53
37.350584	37.440167	55
37.536000	37.727667	67
37.540167	37.717250	60
37.711000	37.856834	55
37.725584	37.856834	72
37.890167	38.296417	48
37.896417	38.113084	65
38.090167	38.283917	67
38.098500	38.273500	55
38.277667	38.413084	72
38.281834	38.394334	52
38.446417	38.650584	64
38.450584	38.600584	60
38.608917	38.811000	55
38.615167	38.808917	67
38.796417	38.888084	52
38.800584	38.971417	72
38.973500	39.290167	47
39.000584	39.148500	62
39.179750	39.325584	67
39.179750	39.423500	55
39.346417	39.494334	72
39.529750	39.683917	60
39.529750	39.700584	64
39.696417	39.890167	67
39.725584	39.963084	55
39.900584	40.100584	72
39.915167	40.006834	48
40.148500	40.404750	65
40.148500	40.456834	47
40.354750	40.519334	67
40.415167	40.502667	55
40.546417	40.706834	72
40.744334	40.915167	64
40.773500	40.836000	62
40.933917	41.133917	67
41.102667	41.279750	72
41.140167	41.300584	55
41.308917	41.567250	62
41.321417	41.529750	60
41.325584	42.113084	48
41.498500	41.806834	67
41.552667	41.617250	55
41.723500	41.846417	72
41.756834	41.817250	71
41.898500	42.071417	60
41.906834	42.231834	74
42.106834	42.165167	55
42.119334	42.290167	72
42.296417	42.365167	67
42.536000	43.021417	72
42.540167	43.419334	45
42.723500	42.865167	64
42.748500	42.827667	52
42.890167	43.036000	60
42.940167	43.008917	57
43.123500	43.298500	64
43.127667	43.267250	52
43.311000	43.444334	60
43.325584	43.454750	57
43.506834	43.650584	52
43.506834	43.694334	64
43.696417	43.994334	45
43.704750	43.883917	71
43.879750	44.044334	64
43.902667	44.042250	52
44.079750	44.258917	60
44.127667	44.225584	57
44.279750	44.544334	72
44.475584	44.679750	64
44.529750	44.608917	52
44.665167	44.865167	60
44.848500	45.629750	41
44.879750	45.077667	67
45.075584	45.267250	64
45.261000	45.304750	60
45.431834	45.640167	48
45.452667	45.588084	57
45.652667	45.811000	60
45.675584	45.756834	53
45.848500	45.944334	65
45.856834	45.986000	57
46.038084	46.167250	60
46.038084	46.200584	69
46.240167	46.402667	65
46.242250	46.438084	71
46.429750	46.586000	60
46.436000	46.586000	72
46.617250	46.775584	57
46.629750	46.825584	74
46.817250	47.075584	76
46.848500	46.988084	60
47.025584	47.065167	57
47.031834	47.125584	74
47.217250	47.425584	74
47.236000	47.606834	43
47.404750	47.552667	72
47.465167	47.650584	50
47.611000	47.779750	71
47.652667	47.731834	55
47.792250	47.942250	69
47.846417	47.983917	59
47.979750	48.167250	67
48.175584	48.340167	65
48.373500	48.475584	64
48.379750	48.794334	55
49.002667	49.192250	62
49.011000	49.065167	59
49.554750	50.065167	48
49.577667	49.758917	60
49.781834	49.911000	64
49.844334	50.046417	55
49.919334	49.965167	67
50.027667	50.096417	60
50.033917	50.081834	72
50.121417	50.236000	76
50.219334	50.263084	79
50.346417	50.463084	84
50.375584	50.431834	83
50.446417	50.581834	88
50.556834	50.604750	91
50.563084	50.613084	93
50.575584	50.631834	96
50.611000	51.083917	48
51.036000	51.140167	55
51.115167	51.156834	60
51.217250	51.298500	76
51.217250	51.298500	72
51.838084	52.092250	76
51.844334	52.033917	72
51.846417	52.627667	53
52.300584	52.544334	60
52.479750	52.552667	69
52.479750	52.567250	65
52.525584	52.725584	76
52.536000	52.658917	72
52.738084	52.917250	77
52.925584	52.992250	76
53.125584	54.058917	52
53.148500	53.467250	76
53.154750	53.402667	67
53.161000	53.511000	64
53.596417	53.794334	60
53.767250	53.883917	84
53.811000	54.296417	88
53.825584	53.998500	64
54.365167	55.298500	50
54.386000	54.613084	84
54.396417	54.631834	79
54.842250	55.115167	57
55.069334	55.331834	76
55.077667	55.302667	72
55.277667	55.358917	62
55.502667	55.569334	76
55.513084	55.573500	72
55.673500	56.596417	55
55.727667	55.975584	76
55.733917	55.948500	72
56.208917	56.438084	62
56.436000	56.642250	71
56.436000	56.711000	74
56.440167	56.511000	67
56.929750	57.217250	71
56.988084	57.273500	74
57.011000	57.661000	52
57.063084	57.311000	79
57.554750	57.765167	59
57.771417	57.836000	64
57.771417	57.848500	79
57.775584	57.831834	74
57.775584	57.833917	71
58.202667	58.267250	51
58.221417	58.286000	63
58.229750	58.283917	70
58.231834	58.292250	78
58.240167	58.298500	73
58.456834	58.904750	77
58.456834	58.913084	69
58.463084	58.913084	72
58.467250	59.346417	50
58.525584	58.688084	62
58.904750	59.183917	57
59.131834	59.352667	77
59.136000	59.373500	69
59.140167	59.356834	72
59.175584	59.346417	62
59.821417	60.173500	77
59.838084	60.208917	68
59.840167	60.221417	71
59.844334	60.508917	49
59.861000	60.192250	61
60.306834	60.423500	61
60.544334	60.761000	77
60.544334	60.763084	68
60.561000	60.744334	71
61.244334	61.623500	77
61.248500	61.625584	71
61.248500	61.665167	67
61.252667	62.231834	48
61.261000	61.723500	60
61.996417	62.348500	76
62.004750	62.167250	60
62.006834	62.340167	71
62.011000	62.363084	65
62.619334	63.306834	48
62.702667	63.140167	52
62.713084	63.021417	64
62.723500	63.131834	60
62.771417	63.050584	72
63.215167	63.306834	55
63.444334	63.817250	60
63.665167	63.825584	48
63.865167	63.921417	43
64.096417	64.661000	41
64.121417	64.356834	60
64.552667	64.640167	57
64.561000	64.719334	48
64.761000	64.825584	53
64.777667	64.904750	60
64.948500	65.119334	57
64.958917	65.019334	65
65.150584	65.402667	69
65.154750	65.338084	60
65.377667	65.529750	65
65.377667	65.581834	72
65.548500	65.800584	81
65.558917	65.692250	60
65.750584	65.796417	57
65.769334	65.950584	77
65.944334	66.113084	53
65.958917	66.156834	72
66.152667	66.298500	48
66.175584	66.233917	69
66.373500	66.421417	45
66.375584	66.448500	65
66.615167	66.796417	41
66.615167	66.940167	59
66.619334	66.990167	43
67.090167	67.488084	43
67.331834	67.461000	59
67.350584	67.542250	50
67.525584	67.656834	62
67.558917	67.631834	55
67.729750	67.792250	67
67.748500	67.894334	59
67.929750	68.198500	71
67.938084	68.081834	62
68.136000	68.263084	67
68.148500	68.400584	83
68.306834	68.456834	62
68.356834	68.596417	79
68.508917	68.550584	59
68.567250	68.765167	74
68.713084	68.886000	55
68.769334	68.852667	71
68.961000	69.033917	50
69.225584	69.806834	36
69.248500	69.525584	64
69.656834	69.852667	43
69.671417	69.788084	52
69.886000	69.944334	48
69.898500	70.044334	55
70.067250	70.138084	60
70.090427	70.188084	52
70.273500	70.517250	64
70.281834	70.413084	55
70.463084	70.644334	60
70.473500	70.733917	67
70.654750	70.836000	55
70.681834	70.940167	76
70.886000	71.017250	52
70.894334	71.102667	72
71.090167	71.221417	55
71.100584	71.271417	67
71.298500	71.465167	64
71.302667	71.425584	60
71.492250	71.658917	55
71.500584	71.715167	67
71.704750	71.969334	48
71.711000	71.931834	76
71.902667	72.054750	67
71.913084	72.036000	55
72.100584	72.175584	60
72.117250	72.236000	64
72.315167	72.481834	47
72.315167	72.521417	74
72.511000	72.698500	67
72.521417	72.627667	55
72.694334	72.746417	62
72.717250	72.792250	59
72.904750	73.244334	48
72.923500	73.208917	76
73.119334	73.308917	55
73.125584	73.327667	67
73.306834	73.431834	64
73.311000	73.386000	60
73.502667	73.723500	50
73.519334	73.746417	71
73.723500	73.898500	67
73.723500	73.925584	55
73.911000	74.008917	60
73.913084	74.013084	62
74.102667	74.379750	48
74.117250	74.321417	76
74.296417	74.452667	67
74.336000	74.419334	55
74.500584	74.606834	64
74.709177	74.873500	47
74.719334	74.921417	74
74.902667	75.117250	67
74.913084	75.056834	55
75.096417	75.217250	62
75.133917	75.206834	60
75.292250	75.746417	48
75.308917	75.461000	76
75.313084	75.475584	74
75.490167	75.706834	55
75.490167	75.827667	67
75.700584	75.758917	62
75.725584	75.833917	52
75.919334	76.025584	77
75.969334	76.027667	60
76.129750	76.277667	55
76.142250	76.356834	67
76.317250	76.427667	62
76.594334	77.486000	43
76.619334	76.796417	77
76.636000	76.796417	76
76.827667	77.025584	67
76.863084	77.069334	50
77.033917	77.177667	64
77.067250	77.136000	55
77.240167	77.429750	74
77.250584	77.392250	50
77.431834	77.679750	67
77.508917	77.606834	55
77.669334	77.808917	64
77.719334	77.777667	50
77.858917	78.688084	41
77.890167	78.088084	72
78.100584	78.365167	67
78.117250	78.323500	48
78.302667	78.440167	64
78.369334	78.463084	53
78.508917	78.665167	71
78.550584	78.638084	48
78.702667	78.950584	67
78.765167	78.838084	53
78.942250	79.113084	64
79.177667	79.673500	48
79.188084	79.352667	72
79.379750	79.581834	67
79.431834	79.536000	55
79.588084	79.740167	65
79.644334	79.721417	60
79.788084	79.973500	72
79.794334	79.883917	55
79.977667	80.083917	67
80.069334	80.190167	60
80.150584	80.296417	65
80.388084	80.567250	72
80.388084	80.792250	48
80.586000	80.790167	67
80.621417	80.708917	55
80.804750	80.927667	64
80.825584	80.921417	60
81.031834	81.213084	72
81.052667	81.263084	55
81.263084	81.496417	67
81.290167	81.348500	60
81.496417	81.548500	64
81.723500	82.136000	53
81.765167	81.923500	72
81.952667	82.144334	69
82.017250	82.102667	60
82.161000	82.254750	65
82.373500	82.552667	72
82.563084	82.775584	69
82.790167	82.963084	65
83.015167	83.594334	52
83.019334	83.231834	72
83.219334	83.417250	67
83.258917	83.404750	55
83.431834	83.683917	64
83.458917	83.600584	60
83.640167	83.817250	72
83.658917	83.702667	55
83.846417	84.033917	67
84.061000	84.219334	64
84.281834	84.998500	50
84.292250	84.548500	72
84.504750	84.771417	65
84.544334	84.765167	53
84.721417	84.994334	62
84.733917	84.921417	60
84.925584	85.161000	72
84.948500	85.036000	53
85.140167	85.319334	65
85.336000	85.398500	62
85.496417	85.602667	62
85.527667	87.483917	43
85.540167	85.683917	65
85.600584	85.854750	71
85.756834	85.896417	65
85.969334	86.200584	50
85.975584	86.131834	62
86.215167	86.473500	69
86.250584	86.671417	55
86.463084	86.673500	67
86.644334	86.865167	65
86.867250	87.119334	64
86.944334	87.125584	55
87.102667	87.290167	62
87.321417	87.427667	60
87.342250	87.394334	59
87.471417	87.779750	59
87.719334	87.952667	57
87.942250	88.154750	55
88.146417	88.396417	53
88.381834	88.677667	52
88.661000	88.894334	50
89.146417	90.136000	36
89.161000	89.706834	48
89.927667	90.125584	43
89.994334	90.102667	48
90.031834	90.202667	52
90.038084	90.288084	55
91.071417	91.363084	72
91.077667	91.227667	36
91.083917	91.327667	64
91.090167	91.238084	48
91.090167	91.281834	60
