1.350000	1.597917	74
1.350000	1.612500	86
1.562500	1.785417	76
1.577083	1.825000	88
1.814583	2.016667	84
1.820833	1.947917	72
2.052083	2.120833	69
2.062500	2.156250	81
2.504167	2.743750	83
2.514583	2.704167	71
2.750000	2.789583	79
2.752083	2.800000	67
3.175000	3.425000	74
3.179167	3.418750	62
3.397917	3.600000	64
3.410417	3.639583	76
3.633333	3.762500	60
3.639583	3.868750	72
3.881250	4.129167	69
3.889583	4.100000	57
4.322917	4.518750	71
4.327083	4.464583	59
4.579167	4.652083	67
4.585417	4.635417	55
5.033333	5.281250	62
5.047917	5.272917	50
5.268750	5.508333	52
5.272917	5.512500	64
5.493750	5.733333	60
5.502083	5.687500	48
5.725000	5.806250	57
5.737500	5.800000	45
6.183333	6.414583	59
6.185417	6.387500	47
6.429167	6.683333	45
6.439583	6.695833	57
6.695833	6.883333	44
6.695833	7.010417	56
7.018750	7.902083	55
7.025000	7.918750	43
7.935417	8.412500	59
7.935417	8.464583	50
8.360417	9.054167	67
8.364583	9.075000	55
9.993750	10.154167	55
10.002083	10.154167	59
10.004167	10.268750	62
10.281250	10.725000	63
10.718750	11.143750	64
10.727083	12.120833	48
11.072917	11.479167	72
11.564583	11.835417	64
11.820833	12.179167	72
11.833333	12.027083	60
11.837500	12.110417	55
12.316667	12.562500	64
12.572917	13.810417	72
12.797917	13.108333	41
12.814583	13.150000	53
13.822917	14.131250	53
13.829167	14.125000	60
13.847917	14.116667	57
14.077083	14.310417	72
14.306250	14.562500	74
14.512500	14.756250	75
14.758333	15.256250	48
14.762500	14.964583	76
14.766667	15.287500	60
14.770833	15.337500	55
15.002083	15.218750	72
15.233333	15.456251	74
15.470832	15.879167	76
15.714582	16.029167	47
15.731250	16.085416	59
15.954168	16.170833	71
16.219011	16.760418	74
16.562500	17.708334	60
16.645834	17.710416	64
16.731250	17.693750	67
16.806249	17.600000	72
18.316667	18.764583	59
18.322918	18.522916	62
18.327083	18.856250	55
18.535417	18.793750	63
18.781250	20.183332	48
18.800001	19.087499	64
19.062500	19.508333	72
19.535417	19.800001	64
19.795833	20.170833	60
19.795833	20.189582	72
19.804166	20.195833	55
19.816667	20.160417	52
20.279167	20.506250	64
20.524999	22.302084	72
20.783332	21.089582	41
20.793750	21.147916	53
21.781250	22.524999	53
21.793750	22.652082	60
21.806249	22.504167	57
23.147916	23.397916	69
23.397916	23.618749	67
23.631250	25.202083	50
23.643751	23.837499	66
23.877082	24.135418	69
24.104168	24.364584	72
24.333334	24.885418	76
24.600000	25.154167	54
24.608333	25.141668	62
24.616666	25.216667	57
24.825000	25.108333	74
25.079168	25.472917	72
25.331251	25.604168	69
25.477083	26.956251	55
25.572918	27.006250	59
25.656250	26.041668	74
25.664583	26.000000	71
26.700000	26.804166	91
26.712499	26.806249	79
27.204168	27.397916	74
27.437500	27.508333	75
27.677084	27.868749	76
27.706251	28.568750	60
27.964582	28.247917	84
28.425001	28.587499	76
28.677084	28.800001	72
28.677084	29.014583	84
28.714582	28.810417	67
28.714582	28.812500	64
29.112501	29.162500	70
29.131250	29.183332	67
29.131250	29.345832	76
29.385418	30.500000	84
29.612501	29.833334	53
29.620832	29.925001	65
30.568750	30.899999	65
30.572918	30.887500	72
30.579168	30.902082	69
30.818750	31.047918	84
31.050001	31.295833	86
31.260418	31.508333	87
31.518751	31.733331	88
31.518751	32.541666	60
31.770834	32.039583	84
32.002084	32.291666	86
32.260416	32.727083	88
32.560419	33.039583	67
32.574998	33.064584	71
32.806249	33.045831	83
33.087499	33.600000	86
33.583334	34.516668	72
33.602083	34.208334	84
34.087499	34.500002	76
34.585416	34.652082	79
35.072916	35.308332	72
35.322916	35.564584	74
35.570833	35.995832	60
35.572916	35.797918	76
35.785417	35.952081	72
36.020834	36.091669	64
36.037500	36.220834	74
36.054166	36.133333	67
36.266668	36.652082	76
36.495832	36.962499	58
36.745832	36.824998	72
36.945833	37.024999	67
36.956251	37.170831	74
36.964582	37.039583	64
37.181249	37.385416	72
37.412500	37.839582	57
37.449998	37.656252	76
37.664583	37.858331	72
37.875002	37.931249	69
37.885416	38.072916	74
37.889581	37.954168	64
38.125002	38.520834	76
38.364584	38.747919	56
38.604166	38.762498	72
38.797918	38.847917	68
38.818750	38.993749	74
38.862501	38.906252	60
39.050001	39.120832	72
39.260416	39.956251	55
39.268751	39.327081	79
39.291666	39.341669	76
39.512498	39.568750	76
39.524999	39.570833	72
39.725000	39.777082	74
39.725000	39.808332	77
39.747919	40.014581	64
39.756250	39.981248	60
39.981248	40.199998	79
39.981248	40.225000	76
40.235418	40.741666	55
40.449998	40.506250	71
40.449998	40.516668	74
40.677084	40.727083	65
40.681249	40.729166	62
40.693750	40.737501	74
40.695833	40.739584	77
41.193750	41.568750	64
41.199998	41.633333	76
41.202081	41.595834	60
41.208334	41.647916	72
42.387498	43.287500	59
42.395834	43.300001	55
42.947916	43.166666	62
43.181249	43.412500	63
43.433332	43.535417	64
43.437502	44.018751	48
43.679166	44.027082	72
43.941667	44.093752	60
43.943750	44.118749	55
43.962499	44.097917	52
44.158334	44.402082	64
44.447916	44.583334	43
44.454168	44.631250	55
44.454168	44.729166	72
44.925001	44.972917	60
44.941667	44.987501	58
44.945833	44.997919	55
44.954168	45.095834	64
45.193750	46.522916	72
45.414583	45.529169	41
45.435419	45.593752	53
45.906252	46.077081	60
45.910417	46.010416	57
46.437502	46.989584	52
46.733331	46.977083	72
46.960416	47.077081	60
46.960416	47.100000	55
46.987501	47.247919	74
47.206251	47.439584	75
47.466669	47.952081	48
47.472917	47.606248	76
47.693750	47.929166	72
47.937502	48.185419	74
47.945833	48.008333	60
47.960416	48.031252	52
48.189584	48.408334	76
48.437502	48.539583	43
48.697916	48.931249	71
48.956251	49.137498	55
48.995832	49.945833	74
49.572916	49.664583	48
49.606248	49.843752	50
50.054166	50.731248	48
50.120832	51.037500	72
50.591669	50.739584	60
50.595834	50.733331	52
50.602083	50.712499	55
51.064584	51.175001	60
51.079168	51.177084	52
51.110418	51.170831	55
51.552084	51.670831	59
51.556249	51.633333	55
51.562502	51.808332	62
51.808332	52.070833	63
52.043748	52.495832	48
52.085416	52.350000	64
52.324998	52.552084	72
52.539583	52.593752	60
52.556249	52.622919	52
52.560419	52.620832	55
52.785417	53.035417	64
53.070833	53.156252	43
53.079168	53.214582	55
53.110418	53.375002	72
53.562502	53.637498	60
53.566667	53.618749	58
53.574998	53.633333	55
53.591669	53.829168	64
53.850000	55.264581	72
54.120832	54.574998	53
54.600000	54.814584	60
54.604166	54.737501	57
55.072916	55.172918	52
55.560419	55.625002	51
55.583334	55.795831	69
55.822916	56.047918	67
56.062502	56.222917	66
56.064584	56.970834	50
56.308332	56.535417	69
56.560419	56.970834	54
56.566667	56.858331	72
56.568750	57.010416	62
56.579168	56.989584	57
56.837499	57.358331	76
57.331251	57.587499	74
57.558332	57.704168	54
57.585416	57.647916	57
57.585416	57.922918	72
57.591669	57.647916	62
57.806249	58.037500	69
58.079168	59.697916	59
58.085416	59.716669	55
58.091669	58.356248	74
58.110418	58.300001	71
58.604166	59.274999	62
59.208334	60.235418	64
60.239584	61.204168	66
61.216669	61.652082	48
61.241666	61.297918	64
61.445833	61.550001	72
61.643751	61.691667	60
61.662500	61.718752	55
61.668748	61.731248	52
61.829168	61.929166	64
62.064584	62.175001	43
62.093752	62.404169	72
62.104166	62.225000	55
62.577081	62.652082	58
62.587499	62.679166	60
62.595834	62.662500	55
62.604166	62.785417	64
62.837499	64.085420	72
63.083334	63.620836	53
63.568750	63.697916	57
63.568750	63.716669	60
64.085420	64.606248	52
64.354166	64.612497	72
64.587503	64.706247	60
64.589586	64.677080	55
64.616670	65.002084	74
64.962503	65.235414	75
65.227083	65.427080	48
65.256250	65.477083	76
65.522920	65.804170	72
65.754167	65.979166	55
65.754167	66.074998	64
65.754167	66.087503	60
65.766664	66.077081	74
66.049997	66.585420	76
66.587503	66.924997	72
66.906252	67.172914	58
66.918748	67.152086	64
66.922914	67.195833	55
66.931253	67.170831	60
66.943750	67.456247	74
67.454164	67.579164	48
67.460420	68.658334	72
67.983331	68.110414	64
67.991670	68.083330	60
67.991670	68.089586	55
68.566667	69.120836	55
68.568750	69.125002	64
68.570833	69.158334	60
69.089586	69.366670	72
69.335420	69.595834	74
69.574998	69.627084	48
69.604166	69.806253	76
69.856248	70.066667	72
70.110414	71.260416	55
70.110414	71.304170	64
70.114580	71.185419	60
70.122919	70.389581	74
70.429170	71.016664	76
71.002084	71.247919	72
71.256250	71.364580	58
71.272920	71.539583	74
71.518747	71.797914	72
71.799997	72.404169	57
71.814584	72.106248	76
72.068750	72.358331	72
72.299997	72.581247	65
72.302080	72.597917	60
72.318750	72.595834	74
72.574998	73.177080	76
73.145830	73.424997	72
73.404169	73.579164	56
73.431253	73.704164	74
73.685419	73.885416	72
73.935419	74.683336	55
73.941667	74.062502	76
73.941667	74.147920	79
74.193750	74.406252	76
74.212503	74.302080	72
74.445833	74.652086	77
74.452081	74.912500	60
74.456247	74.908334	64
74.462503	74.633333	74
74.737497	75.120836	79
74.741670	75.204164	76
75.662500	75.722917	64
75.666666	76.268747	77
75.672914	75.735414	60
75.672914	75.747919	55
75.685419	76.260416	74
76.174997	76.418748	48
76.264581	77.616670	76
76.277086	77.547914	72
76.799997	76.985414	55
76.820833	76.947916	60
76.822916	76.945833	64
77.570833	79.233331	55
77.587503	77.989580	64
77.593752	79.100000	60
78.610414	79.133333	64
79.110414	79.706247	65
79.647920	79.941667	66
79.891664	81.112497	48
79.937502	80.562502	67
80.685419	80.970834	60
80.704164	81.056253	69
80.706247	80.991670	55
81.047914	81.593752	67
81.400003	81.756250	60
81.402086	81.743753	55
81.631250	81.922914	64
81.872919	81.958330	60
81.879167	82.168748	65
81.887498	81.949998	55
82.154169	82.549997	66
82.458330	83.318750	48
82.533334	82.739580	67
82.993753	83.114580	71
83.060419	83.402086	69
83.116670	83.197916	60
83.125002	83.193750	55
83.370836	83.935419	67
83.656252	84.064584	60
83.668748	84.135416	55
84.168748	84.497919	64
84.504167	84.570833	48
84.504167	84.756250	60
84.814584	84.960420	55
85.135416	86.506250	41
85.254167	86.058336	57
85.741670	86.064584	59
85.983331	86.345834	48
85.983331	86.356248	53
86.010416	86.241670	60
86.241670	86.483331	62
86.466669	86.729166	64
86.687502	86.939584	62
86.947916	87.043748	53
86.947916	87.187502	60
86.970834	87.104166	48
87.204164	87.656252	62
87.518747	88.981248	40
87.539583	88.218752	48
87.549997	88.204164	52
87.666666	88.522920	55
88.160417	88.514581	60
88.458330	88.835420	52
88.468752	88.883333	48
88.475000	88.877084	64
88.808336	89.000002	67
89.168748	89.947916	40
89.204164	89.333330	64
89.231248	89.743753	48
89.243753	89.737497	52
89.272920	89.741670	69
89.627084	89.906252	67
89.947916	90.004167	52
89.954164	90.227083	64
89.958330	90.012498	48
90.247919	90.562502	65
90.560419	91.487497	48
90.581247	90.750002	67
90.600000	90.747919	64
91.187502	91.383333	69
91.214586	91.316667	64
91.214586	91.560419	60
91.225000	91.562502	52
91.225000	91.579164	55
91.508333	91.908334	67
91.522920	91.833330	64
91.791666	92.204164	60
91.802080	92.272920	48
91.829164	92.181253	55
92.079164	92.416666	64
92.337503	92.414583	60
92.350000	92.422914	55
92.362497	92.645830	65
92.620836	92.912500	66
92.910417	93.502084	67
92.912500	93.256250	60
92.916666	94.777086	48
92.935419	93.595834	64
92.943750	93.085420	55
93.462503	93.695833	55
93.468752	93.797914	69
93.779169	94.066667	67
94.087503	94.483331	60
94.441667	94.762498	67
94.710420	94.847917	55
94.722917	94.975000	69
94.993753	95.233331	70
95.264581	95.414583	38
95.283334	95.489580	50
95.287500	95.566667	71
95.302080	95.616670	67
95.312502	95.618753	62
95.868753	96.093752	55
96.452081	97.018747	50
96.456247	96.725000	71
96.470834	96.772920	60
96.475000	96.683336	66
96.745836	96.941667	69
97.002084	97.072916	54
97.006250	97.206247	66
97.014581	97.197916	60
97.281252	97.606248	62
97.572916	97.833330	43
97.581247	97.806253	55
97.581247	98.747919	67
97.591669	98.460420	59
97.600000	97.795831	50
98.170831	98.406252	53
98.174997	98.449998	41
98.752084	99.112497	52
98.752084	99.164583	40
99.408334	99.558336	64
99.579164	99.954164	65
99.583330	99.689584	50
99.587503	99.714586	38
99.954164	100.302080	66
100.225000	100.391664	36
100.258333	100.443750	48
100.312502	100.900003	67
100.881250	101.083330	52
100.887498	101.112497	60
100.895830	101.193750	69
100.902086	101.093752	55
101.181253	101.702081	67
101.435419	101.960420	48
101.722917	102.002084	64
101.968752	102.129167	60
101.989580	102.083330	52
101.989580	102.266664	65
101.993753	102.077081	55
102.241670	102.547914	66
102.527086	103.064584	48
102.549997	103.081247	67
103.058336	103.210420	60
103.064584	103.214586	52
103.068750	103.199998	55
103.077081	103.354166	69
103.354166	103.620836	67
103.654169	104.231248	48
103.933336	104.216669	76
104.202081	104.302080	60
104.206247	104.266664	52
104.206247	104.481248	72
104.214586	104.275003	55
104.489580	104.574998	67
104.779169	105.664583	53
104.812502	105.527086	69
105.264581	105.554170	71
105.497919	105.722917	57
105.504167	105.739580	65
105.520830	105.812502	72
105.527086	105.779169	60
105.814584	106.047914	74
106.089586	106.762498	53
106.141664	106.435419	76
106.437502	106.741670	74
106.677080	106.870836	56
106.689584	106.812502	65
106.699998	106.843752	60
106.714586	107.012498	72
106.997919	107.379167	74
107.220834	107.458330	52
107.339586	108.279169	72
107.954164	108.112497	55
107.960420	108.114580	60
107.962503	108.118753	64
108.568750	108.891664	55
108.579164	108.935419	64
108.604166	108.877084	60
108.887498	109.168748	79
109.181253	109.489580	78
109.516664	109.827081	79
109.802080	110.372919	65
109.850000	110.345834	84
110.329164	110.487497	69
110.337503	110.522920	72
110.354166	110.681253	81
110.358331	110.462503	77
110.629167	111.189584	84
110.912500	111.452081	66
111.187502	111.487497	81
111.445833	111.604166	75
111.458330	111.720834	84
111.460420	111.535417	69
111.506250	111.587503	72
111.727083	111.941667	81
111.970834	112.691667	67
111.989580	112.312502	79
112.254167	112.560419	84
112.502084	112.750002	76
112.502084	112.764581	72
112.514581	112.824998	88
112.802080	113.339586	91
113.064584	113.718752	67
113.077081	113.727083	76
113.091669	113.572916	72
113.331247	113.585420	88
113.600000	113.845834	84
113.847917	113.906252	79
114.145830	114.916666	62
114.168748	114.743753	74
114.220834	114.745836	81
114.235414	114.452081	78
114.708330	115.279169	69
114.716669	114.802080	78
114.722917	115.299997	84
115.222917	115.654169	67
115.222917	115.666666	71
115.231248	115.591669	88
115.252084	115.725000	77
115.520830	115.985414	86
115.760416	115.812502	71
115.770830	115.824998	67
116.020830	117.289583	84
116.025003	117.322916	76
116.306253	116.475000	72
116.324998	116.525003	60
116.835420	116.912500	67
116.839586	116.943750	55
117.381250	117.514581	64
117.381250	117.537500	52
117.654169	118.002084	76
117.933336	118.020830	62
117.939584	118.056253	50
117.977083	118.266664	77
118.241670	118.514581	78
118.516664	118.606248	48
118.516664	119.077081	79
118.537500	118.629167	60
119.060419	119.402086	72
119.068750	119.408334	64
119.079164	119.377084	81
119.079164	119.416666	67
119.364580	119.812502	79
119.616670	119.979166	60
119.900003	120.191667	76
120.150003	120.293748	72
120.166666	120.304170	67
120.172914	120.297914	64
120.174997	120.435419	77
120.424997	120.693750	78
120.687502	120.872919	60
120.706247	121.114580	79
121.204164	121.254167	72
121.216669	121.533334	81
121.225000	121.295831	64
121.227083	121.293748	67
121.493753	121.989580	79
121.722917	121.785417	55
122.016664	122.295831	76
122.270830	122.335420	67
122.281252	122.358331	64
122.306253	122.552080	72
122.589586	122.772920	67
122.893747	123.552080	53
122.922914	123.258333	69
123.187502	123.477083	71
123.449998	123.645830	57
123.452081	123.652086	65
123.454164	123.689584	72
123.464586	123.633333	60
123.710420	123.995836	74
124.000002	124.310419	76
124.002084	124.875002	53
124.327081	124.679170	74
124.677080	125.012498	72
124.706247	124.937502	65
124.718752	124.979166	57
124.739580	124.983331	60
124.993753	125.256250	74
125.295831	125.552080	67
125.314584	125.491670	52
125.685419	125.916666	76
125.933336	126.008333	55
125.937502	125.983331	64
125.941667	126.189584	77
125.947916	126.000002	60
126.210420	126.483331	79
126.477083	126.527086	48
126.489580	126.743753	81
126.770830	126.981248	79
127.020830	127.068750	55
127.033334	127.095834	64
127.041666	127.100000	60
127.041666	127.302080	76
127.322916	127.600000	77
127.600000	128.068750	60
127.612497	128.083337	79
127.633340	128.139581	76
128.129160	128.183328	72
128.131250	128.331247	81
128.133340	128.208337	64
128.133340	128.210413	67
128.143747	128.352090	77
128.416666	128.572916	79
128.437494	128.522913	76
128.641672	128.747919	55
128.929163	129.072916	76
128.937494	129.043756	72
129.168756	129.252084	77
129.170831	129.318750	64
129.170831	129.339578	67
129.179163	129.231256	74
129.410410	129.627084	78
129.433328	129.545831	75
129.695840	130.162500	60
129.704172	129.977090	76
129.714578	129.983331	79
130.210413	130.297922	72
130.210413	130.462503	81
130.222910	130.304163	67
130.225000	130.404169	77
130.231256	130.312494	64
130.479166	130.756250	79
130.489587	130.754160	76
130.762506	131.254160	60
131.022913	131.266672	79
131.029169	131.220834	76
131.283334	131.362497	81
131.283334	131.447916	67
131.289590	131.414590	64
131.556253	131.629160	81
131.856256	132.143747	82
132.270837	132.754160	62
132.283334	132.366663	83
132.285410	132.364587	74
132.289590	132.360422	79
132.556253	132.781244	74
132.556253	132.814584	79
132.556253	132.816660	83
132.785410	132.866663	71
132.793756	132.922922	67
133.056253	133.458337	83
133.066660	133.404169	78
133.066660	133.412500	72
133.327081	133.914590	62
133.577081	133.733331	81
133.837503	133.941660	69
133.843744	134.035410	78
133.852090	133.997919	72
134.104166	134.374994	74
134.362497	134.600000	55
134.377084	134.564584	67
134.377084	135.122919	79
134.387506	135.010416	71
134.864587	134.997919	65
134.868753	135.035410	53
135.381250	135.493753	64
135.391672	135.529169	52
135.647913	135.931253	76
135.924997	135.979166	50
135.937494	136.018747	62
135.950006	136.212503	77
136.206247	136.472910	78
136.475000	136.912500	60
136.483331	136.970834	79
136.970834	137.081247	72
136.977090	137.087503	67
136.977090	137.108331	64
136.995828	137.266672	81
137.258340	137.456247	79
137.512506	137.566660	55
137.793756	138.045831	76
138.037500	138.135416	72
138.043756	138.129160	64
138.054163	138.343744	77
138.056253	138.135416	67
138.308328	138.572916	78
138.558328	138.916666	60
138.585413	139.077081	79
139.068750	139.316660	81
139.093744	139.145837	72
139.110422	139.179163	67
139.114587	139.193750	64
139.337503	139.533334	79
139.554163	140.100000	55
139.845834	140.104166	76
140.089578	140.168756	64
140.114587	140.316660	72
140.362497	140.433328	67
140.645837	141.020837	69
140.664590	141.245828	53
140.918756	141.170831	71
141.145837	141.249994	57
141.145837	141.270837	65
141.158334	141.404169	72
141.183328	141.258340	60
141.427087	141.689584	74
141.704172	141.950006	76
141.754160	142.247919	53
141.962503	142.264581	74
142.229166	142.389581	56
142.249994	142.323175	65
142.260416	142.545831	72
142.283334	142.368753	60
142.543756	142.933328	74
142.839578	143.039590	52
142.889581	144.027078	72
143.410410	143.460413	64
143.422922	143.487756	60
143.427087	143.497919	55
143.918756	143.970834	48
144.260416	144.541666	67
144.535410	144.812494	66
144.537500	144.700006	58
144.556253	144.756250	60
144.820840	145.168756	67
145.112497	145.470834	65
145.116663	145.499994	57
145.116663	145.512506	60
145.131250	145.481256	53
145.158334	145.681253	72
145.704172	145.883340	65
145.710413	145.881250	53
145.710413	146.066660	69
145.722910	145.891672	57
145.731256	145.958337	60
146.035410	146.462503	72
146.329172	146.641672	54
146.343744	146.622919	63
146.354166	146.635416	57
146.370828	146.652078	60
146.693750	146.852090	76
146.793756	147.014581	74
146.977090	147.299997	72
146.983331	147.208337	63
146.991663	147.179163	54
147.010416	147.174997	57
147.016672	147.204172	60
147.297922	147.389581	69
147.597910	148.029169	55
147.602090	148.033334	60
147.602090	148.056253	64
147.602090	148.489587	67
147.927087	148.291666	72
148.235422	148.456247	64
148.235422	148.475000	55
148.241663	148.481256	60
148.254160	148.564584	76
148.562494	148.706247	81
148.631250	149.147913	79
148.835413	149.100000	55
148.839578	149.087503	64
148.847910	149.091669	60
149.166666	149.450006	76
149.456247	149.643747	55
149.464578	149.725000	72
149.466669	149.654169	64
149.470834	149.702081	60
149.752084	149.835413	67
150.502084	150.547922	60
150.512506	150.554163	66
150.518747	150.566660	69
151.275003	151.585413	66
151.277078	151.589578	72
151.277078	151.641672	50
151.285410	151.610422	60
151.285410	151.687494	57
151.850000	152.456247	55
151.960413	152.362497	59
151.960413	152.631250	65
152.029169	152.316660	71
152.160410	152.602090	76
152.604166	153.045831	74
153.183328	153.350000	76
153.356256	153.531244	74
153.520837	153.770837	72
153.768747	154.258340	71
154.031244	154.466669	48
154.041666	154.406244	60
154.220834	155.339578	64
154.220834	155.443750	72
154.941660	155.031244	55
154.952081	155.079172	43
155.689584	156.822916	36
155.806253	156.720834	48
155.862497	156.679163	72
155.950006	156.152078	76
155.981256	156.874994	79
156.083337	156.799997	84
