4.064917	4.427417	51
4.454500	4.758667	58
4.779500	4.937833	67
5.106583	5.389917	58
5.396167	5.589917	67
5.685750	5.896167	58
5.958667	6.123250	67
6.256583	6.387833	58
6.539917	6.829500	51
6.844083	7.144083	59
7.121167	7.314917	68
7.425333	7.656583	59
7.714917	7.875333	68
8.039917	8.150333	59
8.308667	8.464917	68
8.625333	8.685750	59
8.935750	9.248250	51
9.225333	9.542000	58
9.504500	9.687833	67
9.789917	9.971167	58
10.067000	10.281583	67
10.367000	10.579500	58
10.662833	10.792000	67
10.944083	11.127417	58
11.233667	11.469083	51
11.533667	11.796167	59
11.839917	12.002417	68
12.146167	12.379500	59
12.492000	12.702417	68
12.827417	13.073250	59
13.146167	13.292000	68
13.183667	14.260750	75
13.583667	13.792000	59
14.227417	14.537833	77
14.448250	14.758667	51
14.498250	15.092000	79
14.821167	15.029500	58
15.085750	15.287833	67
15.098250	15.435750	82
15.360750	15.598250	58
15.662833	15.875333	67
15.664917	15.729500	82
15.962833	16.179500	58
16.235750	16.387833	67
16.496167	16.575333	58
16.508667	16.656583	82
16.781583	17.100333	51
16.856583	17.437833	82
17.150333	17.346167	59
17.404500	17.579500	68
17.408667	17.808667	80
17.731583	17.969083	59
18.019083	18.212833	68
18.021167	18.371167	80
18.348250	18.562833	59
18.369083	18.833667	79
18.685750	18.764917	68
18.969083	19.042000	59
18.998250	19.410750	75
19.321167	19.708667	51
19.425333	19.954500	77
19.727417	19.942000	58
20.010750	20.167000	67
20.014917	20.367000	75
20.298250	20.579500	58
20.610750	21.231583	75
20.612833	20.794083	67
20.927417	21.269083	58
21.256583	21.448250	67
21.523250	21.698250	58
21.583667	21.787833	70
21.844083	22.171167	51
21.944083	23.192000	71
22.225333	22.356583	59
22.504500	22.679500	68
22.808667	23.037833	59
23.125333	23.300333	68
23.446167	23.702417	59
23.817000	24.019083	68
24.004500	24.552417	80
24.317000	24.487833	59
24.625333	24.758667	79
24.823250	25.071167	51
24.860750	25.369083	79
25.175333	25.408667	58
25.442000	25.589917	67
25.446167	25.629500	82
25.721167	25.889917	58
25.998250	26.233667	67
26.006583	26.402417	82
26.287833	26.496167	58
26.562833	26.689917	67
26.804500	26.892000	58
26.831583	27.012833	82
27.073250	27.344083	51
27.194083	27.710750	82
27.452417	27.725333	59
27.719083	27.898250	68
27.737833	28.008667	80
28.048250	28.346167	59
28.358667	28.498250	80
28.373250	28.542000	68
28.498250	28.575333	82
28.614917	28.677417	80
28.669083	28.764917	82
28.669083	28.860750	59
28.756583	28.856583	80
28.856583	29.146167	79
28.952417	29.106583	68
29.106583	29.344083	80
29.312833	29.512833	59
29.321167	29.544083	84
29.564917	29.646167	82
29.662833	29.746167	80
29.762833	29.864917	82
29.835750	30.187833	80
30.169083	30.269083	79
30.373250	30.679500	51
30.427417	34.369083	79
30.719083	30.944083	58
31.000333	31.200333	67
31.285750	31.562833	58
31.569083	31.794083	67
31.821167	32.100333	58
32.071167	32.279500	67
32.373250	32.542000	58
32.646167	32.877417	51
32.923250	33.198250	58
33.187833	33.327417	67
33.471167	33.604500	58
33.775333	34.056583	50
34.108667	34.454500	58
34.427417	34.687833	65
34.752417	34.821167	58
34.752417	34.964917	77
35.148250	35.604500	48
35.260750	35.492000	77
35.558667	35.689917	55
35.858667	36.017000	63
35.883667	36.383667	75
36.171167	36.398250	55
36.462833	36.667000	63
36.487833	37.083667	75
36.762833	36.950333	55
37.046167	37.169083	63
37.344083	37.448250	55
37.354500	37.542000	75
37.596167	37.879500	48
37.710750	39.054500	75
37.977417	38.294083	56
38.283667	38.477417	65
38.567000	38.898250	56
38.894083	39.160750	65
39.192000	39.417000	56
39.210750	39.262833	73
39.292000	39.356583	75
39.358667	39.417000	73
39.425333	39.544083	75
39.494083	39.589917	73
39.498250	39.702417	65
39.575333	40.006583	72
39.896167	39.994083	56
40.202417	40.514917	73
40.567000	40.873250	48
40.610750	41.027417	75
40.956583	41.033667	55
41.202417	41.517000	75
41.217000	41.342000	63
41.494083	41.760750	55
41.773250	41.962833	63
41.773250	42.783667	75
42.075333	42.287833	55
42.344083	42.487833	63
42.656583	42.739917	55
42.948250	43.117000	46
43.054500	43.246167	73
43.273250	43.333667	75
43.364917	43.421167	73
43.369083	43.714917	56
43.437833	43.485750	75
43.494083	43.571167	73
43.562833	43.625333	75
43.646167	43.744083	73
43.700333	43.783667	75
43.752417	43.900333	62
43.806583	44.054500	72
44.004500	44.177417	73
44.077417	44.256583	56
44.196167	44.404500	77
44.412833	44.469083	75
44.414917	44.552417	62
44.492000	44.621167	77
44.571167	44.958927	75
44.879500	45.306583	73
44.973250	45.029500	56
45.148250	45.264917	56
45.350333	45.483667	72
45.539917	45.914917	44
45.658667	46.179500	72
45.977417	46.258667	51
46.271167	46.487833	60
46.281583	46.671167	72
46.548250	46.869083	51
46.869083	47.192000	60
47.158667	47.327417	51
47.467000	47.823250	43
47.823250	47.927417	51
48.187833	48.637833	41
48.346167	48.864917	68
48.654500	48.889917	48
48.946167	49.112833	56
48.950333	49.577417	68
49.239917	49.556583	48
49.571167	49.798250	56
49.867000	50.289917	48
50.104500	50.683667	72
50.456583	50.792000	56
50.617000	51.139917	80
50.967000	51.221167	48
51.314917	52.014917	77
51.979500	52.277417	39
52.064917	52.769083	79
52.392000	52.714917	48
52.706583	52.964917	55
52.806583	53.358667	75
53.125333	53.394083	48
53.398250	54.087833	72
53.408667	53.675333	55
53.679500	53.906583	48
53.971167	54.527417	55
54.504500	55.004500	48
54.589917	54.919083	75
55.242000	55.494083	37
55.329500	55.639917	75
55.729500	55.783667	73
55.729500	56.475333	49
55.808667	55.900333	75
55.887833	55.989917	73
55.971167	56.100333	75
56.044083	56.175333	73
56.092000	56.737833	53
56.148250	56.423250	72
56.412833	56.744083	73
56.523250	56.617000	60
56.706583	57.019083	72
56.742000	57.019083	60
57.029500	57.279500	56
57.054500	57.189917	68
57.389917	57.660750	60
57.406583	57.783667	68
57.733667	57.858667	56
57.835750	58.042000	70
58.452417	58.881583	44
58.481583	58.867000	71
58.883667	59.221167	51
58.889917	58.952417	70
58.987833	59.092000	71
59.060750	59.356583	70
59.296167	59.717000	68
59.306583	59.656583	59
59.673250	59.992000	51
59.712833	59.960750	63
60.073250	60.377417	59
60.108667	60.808667	63
60.431583	60.729500	51
60.739917	60.973250	59
61.106583	61.423250	51
61.271167	61.804500	65
61.723250	63.552417	46
61.860750	63.698250	63
62.233667	62.583667	53
62.550333	62.894083	56
62.879500	63.198250	53
63.198250	63.544083	58
63.564917	63.944083	53
63.919083	64.214917	60
63.931583	64.687833	62
64.408667	64.662833	53
64.654500	64.852417	63
64.937833	65.550333	39
65.044083	68.310750	63
65.514917	65.792000	46
65.833667	66.002417	55
66.146167	66.264917	46
66.448250	66.773250	55
66.752417	66.950333	46
67.025333	67.175333	55
67.317000	67.400333	46
67.614917	67.921167	39
67.948250	68.210750	47
68.225333	68.400333	56
68.542000	68.879500	47
68.867000	69.096167	56
69.173250	69.437833	47
69.506583	69.692000	56
69.506583	69.789917	65
69.798250	69.981583	63
69.819083	69.939917	47
69.987833	70.300333	65
70.235750	70.475333	39
70.277417	70.479500	67
70.287833	70.364917	63
70.444083	70.573250	68
70.448250	70.608667	65
70.583667	71.237833	67
70.600333	70.871167	46
70.606583	71.244083	70
70.902417	71.110750	55
71.183667	71.425333	46
71.473250	71.662833	55
71.742000	71.964917	46
72.048250	72.217000	55
72.314917	72.383667	46
72.319083	72.435750	70
72.333667	72.467000	67
72.667000	72.858667	39
72.717000	72.871167	68
72.862833	72.996167	70
72.987833	73.298250	47
73.019083	73.569083	71
73.046167	73.092000	68
73.333667	73.481583	56
73.648250	73.921167	47
73.998250	74.160750	56
74.014917	74.167000	71
74.017000	74.117000	68
74.344083	74.483667	75
74.348250	74.502417	71
74.348250	74.554500	47
74.671167	75.056583	73
74.673250	74.827417	56
74.673250	74.960750	70
74.983667	75.129500	47
75.121167	75.450333	71
75.135750	75.235750	68
75.494083	75.817000	39
75.525333	75.812833	70
75.548250	75.839917	67
75.806583	75.944083	71
75.921167	76.160750	46
75.927417	76.073250	70
76.067000	76.204500	71
76.177417	76.971167	70
76.219083	76.417000	55
76.533667	76.808667	46
76.829500	77.029500	55
77.098250	77.356583	46
77.408667	77.571167	55
77.698250	77.781583	46
78.012833	78.298250	39
78.348250	78.714917	47
78.654500	78.883667	56
78.981583	79.319083	47
79.319083	79.521167	56
79.548250	79.704500	68
79.662833	79.787833	70
79.737833	79.954500	47
79.787833	79.960750	71
79.904500	80.110750	70
80.056583	80.206583	56
80.100333	80.208667	68
80.181583	80.279500	70
80.269083	80.367000	68
80.344083	80.458667	70
80.375333	80.444083	47
80.429500	80.589917	68
80.587833	80.794083	67
80.777417	81.117000	68
81.004500	81.429500	39
81.079500	82.073250	67
81.425333	81.652417	46
81.712833	81.908667	55
82.002417	82.279500	46
82.317000	82.581583	55
82.352417	82.412833	63
82.667000	82.944083	46
83.000333	83.200333	55
83.256583	83.331583	46
83.289917	83.417000	63
83.537833	83.889917	39
83.652417	83.917000	63
83.927417	84.310750	47
84.119083	84.348250	61
84.335750	84.527417	56
84.350333	84.454500	63
84.462833	84.529500	61
84.529500	84.633667	63
84.614917	84.694083	61
84.683667	84.971167	47
84.692000	84.794083	63
84.773250	84.854500	61
84.850333	84.958667	63
84.914917	85.021167	61
84.996167	85.750333	59
85.287833	85.519083	56
85.581583	85.875333	47
85.760750	85.889917	63
85.819083	86.000333	61
85.960750	86.252417	59
86.260750	86.460750	58
86.535750	86.969083	39
86.619083	87.173250	58
86.989917	87.254500	46
87.264917	87.529500	58
87.281583	87.433667	55
87.560750	87.771167	46
87.842000	88.046167	70
87.854500	87.977417	58
87.927417	88.012833	55
88.135750	88.304500	46
88.327417	88.402417	82
88.329500	88.369083	70
88.442000	88.627417	55
88.587833	88.750333	46
88.737833	89.017000	94
88.739917	88.969083	82
88.931583	89.104500	55
89.194083	89.323250	46
89.312833	89.523250	94
89.319083	89.481583	82
89.544083	89.867000	39
89.650333	90.227417	94
89.652417	90.242000	82
89.977417	90.237833	47
90.256583	90.494083	56
90.523250	90.652417	92
90.527417	90.625333	80
90.558667	90.785750	47
90.837833	90.967000	80
90.837833	90.994083	92
90.902417	91.117000	56
91.125333	91.167000	94
91.135750	91.179500	82
91.310750	91.350333	92
91.310750	91.352417	80
91.344083	91.558667	47
91.494083	91.533667	79
91.496167	91.569083	91
91.689917	91.731583	92
91.689917	91.733667	80
91.698250	91.898250	56
92.031583	92.158667	95
92.035750	92.119083	83
92.048250	92.296167	47
92.339917	92.508667	56
92.344083	92.421167	82
92.344083	92.433667	94
92.654500	92.760750	47
92.777417	92.885750	92
92.783667	92.869083	80
93.169083	93.462833	39
93.169083	93.562833	91
93.173250	93.604500	79
93.173250	93.660750	87
93.596167	93.842000	46
93.827417	93.904500	87
93.835750	93.881583	75
93.842000	94.004500	55
94.104500	94.333667	46
94.283667	94.396167	71
94.285750	94.431583	83
94.510750	94.727417	55
94.579500	94.619083	82
94.589917	94.631583	70
94.773250	94.812833	80
94.779500	94.814917	68
94.800333	94.889917	46
94.927417	94.992000	67
94.929500	95.008667	79
95.089917	95.271167	55
95.135750	95.171167	75
95.139917	95.173250	63
95.379500	95.596167	46
95.396167	95.439917	73
95.406583	95.444083	61
95.639917	95.742000	71
95.642000	95.723250	59
95.677417	95.898250	55
95.923250	95.962833	70
95.923250	96.139917	46
95.933667	95.969083	58
96.223250	96.492000	55
96.333667	96.458667	56
96.333667	96.477417	68
96.600333	96.733667	46
96.814917	97.021167	67
96.821167	96.929500	55
96.829500	96.896167	63
97.029500	97.452417	27
97.177417	97.694083	67
97.181583	97.564917	63
97.185750	97.464917	55
97.471167	97.510750	39
97.735750	97.944083	55
97.904500	98.079500	58
98.067000	98.123250	63
98.125333	98.446167	51
98.258667	98.560750	58
98.425333	98.548250	63
98.504500	99.708667	67
98.598250	99.621167	70
98.712833	99.844083	79
98.954500	99.139917	63
99.154500	99.344083	58
99.385750	99.504500	51
99.856583	100.214917	49
99.939917	101.412833	77
100.281583	100.527417	56
100.548250	100.748250	65
100.575333	100.794083	60
100.833667	101.119083	56
101.106583	101.344083	65
101.125333	101.381583	60
101.404500	101.714917	56
101.725333	101.871167	65
101.739917	102.010750	60
102.002417	102.171167	56
102.092000	102.296167	79
102.244083	102.379500	80
102.364917	102.512833	82
102.500333	102.679500	80
102.658667	103.612833	79
102.675333	102.937833	51
103.044083	103.329500	58
103.344083	103.558667	67
103.612833	103.883667	58
103.904500	103.992000	75
103.935750	104.137833	67
104.206583	104.404500	58
104.487833	104.677417	67
104.514917	105.175333	70
104.821167	104.887833	58
105.092000	105.506583	49
105.223250	108.081583	71
105.604500	105.871167	56
105.937833	106.189917	60
106.187833	106.773250	56
106.529500	106.854500	65
106.896167	107.200333	59
107.208667	107.467000	65
107.529500	107.712833	56
107.848250	108.156583	49
108.144083	108.489917	56
108.471167	109.192000	71
108.494083	108.771167	64
108.531583	108.731583	59
108.771167	109.123250	56
109.100333	109.385750	64
109.112833	109.448250	59
109.117000	109.837833	70
109.423250	109.781583	56
109.731583	109.925333	64
109.817000	110.173250	68
110.119083	110.210750	56
110.527417	110.754500	39
110.606583	110.775333	70
110.617000	110.689917	66
110.750333	110.881583	68
110.779500	110.848250	71
110.908667	112.387833	73
110.910750	112.056583	70
111.225333	112.312833	51
111.562833	111.892000	58
111.879500	112.133667	63
112.158667	112.371167	58
112.419083	112.560750	63
112.481583	112.852417	70
112.483667	112.839917	66
112.785750	112.927417	58
113.148250	113.312833	42
113.173250	113.271167	66
113.173250	113.327417	70
113.323250	113.381583	68
113.331583	113.419083	71
113.460750	113.983667	73
113.467000	113.567000	70
113.504500	113.581583	69
113.527417	114.160750	54
113.842000	114.135750	61
114.123250	114.279500	66
114.485750	114.719083	61
114.489917	114.869083	73
114.496167	114.842000	70
114.833667	115.087833	66
115.208667	115.448250	61
115.546167	115.637833	54
115.919083	116.089917	42
115.933667	116.104500	76
115.935750	116.050333	73
116.142000	116.279500	75
116.152417	116.294083	78
116.321167	117.252417	80
116.333667	117.337833	76
116.581583	117.879500	54
116.904500	117.221167	61
117.229500	117.602417	70
117.233667	117.629500	73
117.237833	117.427417	66
117.592000	117.835750	61
117.869083	118.017000	73
117.883667	117.964917	70
117.894083	117.967000	66
118.237833	118.302417	61
118.642000	118.814917	42
118.648250	118.823250	76
118.652417	118.723250	73
118.810750	118.958667	75
118.833667	118.996167	78
118.996167	119.056583	73
118.996167	119.135750	76
119.021167	119.558667	54
119.154500	119.277417	78
119.158667	119.281583	75
119.312833	119.825333	80
119.348250	119.927417	76
119.427417	119.698250	61
119.725333	119.879500	66
120.056583	120.356583	61
120.417000	120.567000	82
120.427417	120.502417	78
120.444083	120.548250	66
120.789917	120.917000	82
120.789917	120.981583	61
120.800333	120.987833	78
121.162833	121.221167	66
121.196167	121.256583	82
121.196167	121.277417	85
121.510750	121.660750	78
121.579500	121.700333	82
121.614917	121.679500	42
121.646167	121.925333	88
121.985750	122.050333	87
121.996167	122.387833	54
122.075333	122.323250	88
122.181583	122.346167	87
122.287833	122.658667	85
122.323250	122.604500	61
122.635750	122.987833	82
122.642000	122.962833	66
122.977417	123.287833	61
122.987833	123.281583	78
123.383667	123.662833	66
123.456583	123.650333	76
123.637833	123.825333	78
123.787833	124.023250	76
123.844083	124.087833	61
123.975333	124.542000	75
124.298250	124.354500	66
124.496167	124.781583	73
124.706583	124.914917	42
124.829500	125.162833	75
125.185750	125.800333	54
125.196167	125.329500	73
125.333667	125.492000	75
125.464917	125.579500	73
125.633667	126.069083	61
125.667000	126.033667	71
126.046167	126.512833	70
126.052417	126.387833	66
126.412833	126.860750	61
126.448250	126.827417	73
126.817000	127.050333	74
126.852417	127.279500	66
127.044083	127.304500	73
127.273250	127.969083	70
127.275333	127.631583	61
127.750333	127.906583	54
127.958667	128.508667	71
128.339917	130.087833	47
128.462833	129.131583	70
128.854500	129.208667	54
129.056583	129.219083	66
129.258667	129.544083	59
129.277417	129.525333	66
129.585750	129.937833	54
129.948250	131.402417	63
129.975333	130.142000	59
130.308667	130.494083	54
130.648250	130.889917	58
130.971167	131.246167	54
131.277417	133.510750	47
131.375333	132.112833	59
131.752417	132.127417	54
132.056583	132.735750	61
132.375333	132.744083	54
132.689917	133.639917	58
133.029500	133.187833	54
133.035750	133.714917	67
133.373250	133.502417	54
133.664917	133.927417	66
133.937833	134.777417	35
134.056583	135.046167	66
134.425333	134.837833	47
134.729500	135.410750	59
135.077417	136.050333	47
135.375333	135.694083	58
135.398250	135.560750	54
135.710750	136.069083	59
136.010750	136.196167	54
136.029500	136.323250	61
136.323250	136.577417	62
136.598250	137.058667	47
136.639917	136.779500	59
136.794083	136.985750	61
136.944083	137.144083	62
137.119083	137.167000	66
137.152417	137.206583	54
137.277417	137.527417	62
137.306583	137.810750	47
137.492000	137.554500	65
137.644083	137.842000	71
137.704500	137.794083	54
137.817000	137.975333	73
138.006583	138.192000	66
138.012833	138.158667	54
138.198250	138.421167	71
138.406583	138.648250	73
138.654500	138.754500	74
138.854500	139.200333	54
138.881583	139.177417	71
139.131583	139.381583	73
139.385750	139.464917	47
139.419083	139.744083	74
139.748250	139.846167	78
140.000333	141.192000	35
140.131583	141.144083	47
140.146167	141.117000	74
140.189917	140.431583	78
140.250333	141.089917	83
140.308667	141.060750	86
141.621167	143.181583	27
141.629500	143.233667	39
141.639917	143.342000	63
141.656583	143.287833	55
141.664917	143.425333	67
143.733667	144.781583	35
143.817000	144.767000	47
143.869083	144.650333	62
143.919083	144.587833	66
143.946167	144.617000	71
143.996167	144.600333	74
145.208667	146.069083	27
145.208667	146.075333	39
145.229500	146.319083	51
145.235750	146.333667	55
146.723250	147.348250	35
146.723250	147.406583	47
146.727417	147.562833	50
146.727417	147.604500	54
147.589917	147.792000	46
147.594083	148.037833	55
147.596167	148.046167	51
147.600333	147.758667	34
147.996167	148.202417	47
147.996167	148.210750	35
148.014917	148.402417	54
148.027417	148.377417	50
148.381583	148.754500	55
148.387833	148.504500	34
148.392000	148.760750	51
148.398250	148.492000	46
148.712833	149.483667	47
148.719083	149.571167	35
148.733667	151.702417	54
148.744083	151.821167	50
152.052417	152.800333	46
152.064917	153.787833	50
152.064917	153.827417	54
152.067000	152.779500	34
152.948250	153.331583	47
152.948250	153.394083	35
153.910750	157.746167	27
153.975333	157.769083	39
154.352417	154.679500	43
154.421167	154.473250	51
154.644083	154.869083	51
154.958667	155.323250	55
155.254500	155.667000	63
155.592000	155.973250	67
155.902417	156.046167	63
156.158667	156.423250	67
156.421167	156.687833	75
156.683667	156.777417	79
156.927417	157.352417	79
157.242000	157.752417	87
157.710750	158.583667	91
158.073250	158.308667	31
158.119083	158.360750	43
158.167000	158.423250	86
158.179500	158.475333	79
158.198250	158.437833	83
158.673250	159.531583	39
158.677417	159.473250	51
158.708667	159.325333	87
158.733667	159.439917	79
158.735750	159.127417	91
159.283667	159.837833	91
160.206583	160.369083	31
160.233667	160.383667	43
160.248250	160.362833	86
160.269083	160.367000	79
160.698250	160.867000	51
160.698250	160.887833	39
160.698250	161.048250	87
160.714917	161.092000	79
161.037833	161.271167	91
161.252417	161.367000	31
161.279500	161.373250	43
161.287833	161.350333	86
161.300333	161.354500	79
161.604500	161.923250	87
161.617260	161.677417	39
161.617260	161.921167	79
161.621167	161.683667	51
161.908667	162.204500	91
162.148250	162.246167	43
162.156583	162.235750	55
162.177417	162.279500	86
162.194083	162.283667	79
162.204500	162.264917	83
162.525333	162.767000	51
162.552417	162.925333	87
162.556583	162.800333	63
162.571167	162.933667	79
162.904500	163.400333	91
163.408667	163.594083	55
163.525333	163.644083	67
163.598250	163.914917	79
163.644083	163.906583	83
163.712833	164.123250	86
164.419083	165.683667	63
164.481583	165.510750	75
164.587833	165.575333	79
164.594083	165.679500	82
164.627417	165.817000	87
165.821167	166.229500	72
165.827417	166.535750	84
165.835750	166.294083	68
166.533667	166.854500	75
166.556583	166.889917	63
166.556583	167.098250	87
166.600333	167.119083	79
167.229500	167.321167	68
167.229500	167.333667	71
167.239917	167.379500	83
167.596167	167.702417	75
167.608667	167.758667	87
167.617000	167.687833	63
167.619083	167.764917	79
168.198250	168.256583	72
168.198250	168.302417	84
168.206583	168.264917	68
168.512833	168.589917	75
168.525333	168.669083	87
168.531583	168.598250	63
168.554500	168.648250	79
169.073250	169.667000	68
169.183667	169.562833	71
169.323250	170.360750	83
170.281583	170.823250	51
170.662833	170.808667	63
170.879500	170.981583	58
171.087833	171.281583	63
171.225333	171.364917	51
171.342000	171.408667	75
171.600333	171.850333	39
171.867000	172.077417	75
172.110750	172.371167	39
172.177417	172.237833	87
172.483667	172.856583	87
172.514917	172.935750	27
172.864917	172.900333	99
