4.402156	4.483425	33
4.472988	4.566738	21
4.541744	4.593837	33
5.664669	5.733425	33
5.729244	5.789669	21
5.804256	5.885494	33
6.868831	6.987575	33
6.968837	7.012569	21
7.033413	8.027156	57
7.033413	8.216762	60
7.941738	8.010494	33
8.079250	8.191738	21
8.156337	8.225094	33
8.254238	9.352169	57
8.254238	9.423000	59
9.231319	9.285488	33
9.325069	9.418819	21
9.387569	9.464656	33
9.472988	10.550075	57
9.477169	10.691738	60
10.475094	10.550075	33
10.595913	10.689663	21
10.658413	10.737575	33
10.766750	12.012569	62
10.773006	11.829250	59
11.839656	11.975094	33
11.931331	12.010494	21
12.035488	12.789669	64
12.037594	13.227169	60
13.052181	13.425075	21
13.145931	13.425075	33
13.233425	14.485500	62
13.268825	14.450069	59
14.452175	14.677181	21
14.462581	14.706325	33
14.466762	14.750087	64
14.483425	14.735500	57
14.491756	14.839656	60
15.233425	15.885494	62
15.235500	15.489681	56
15.252163	15.447994	52
15.252163	15.985500	59
15.258419	15.456325	47
15.258419	15.502163	40
16.000087	16.389675	33
16.014675	16.925075	60
16.035488	16.777156	57
17.156337	17.472988	21
17.310512	17.485500	33
17.375087	17.629238	57
17.385494	17.641750	60
17.735500	18.020931	57
17.748012	18.066738	60
18.072994	18.260494	62
18.087581	18.191738	59
18.398006	18.493831	59
18.400081	18.552181	62
18.541744	18.845913	21
18.677181	18.825069	33
18.777156	19.050075	60
18.787594	19.068844	64
19.156337	19.570919	64
19.158413	19.629238	60
19.941738	20.504238	21
20.052181	20.495906	33
20.133419	20.337581	65
20.141750	20.318844	57
20.460506	20.737575	65
20.468837	20.720913	57
20.758419	21.058406	64
20.768825	21.035488	60
21.048000	21.393825	62
21.052181	21.345913	59
21.256344	22.066738	21
21.366756	22.060512	33
21.391750	21.868831	64
21.402156	21.841762	60
22.487575	22.825069	21
22.604244	22.866756	33
22.650081	22.881344	57
22.650081	22.887569	60
22.962581	23.241756	57
22.972988	23.241756	60
23.266750	23.477169	62
23.273006	23.431331	59
23.568844	23.754238	62
23.583431	23.720913	59
23.689663	24.552181	21
23.800075	24.585506	33
23.895931	24.079250	60
23.895931	24.295925	64
24.233425	24.920925	60
24.248012	24.741756	57
24.964656	25.568844	21
25.048000	25.604244	33
25.081325	25.237575	62
25.100094	25.239681	59
25.404262	25.612575	62
25.414669	25.554256	59
25.677181	25.808406	60
25.685512	25.800075	57
25.977169	26.029262	60
25.977169	26.060512	57
26.104244	26.762569	21
26.243831	26.804256	33
26.335506	27.002163	59
26.335506	27.004238	56
27.398006	27.850094	33
27.529262	27.831325	45
27.600094	27.745906	60
27.610500	27.702175	57
27.898006	28.125087	57
27.906337	28.116756	60
28.189663	28.285488	62
28.191738	28.289669	59
28.462581	28.577175	59
28.462581	28.612575	62
28.623012	29.114681	33
28.722988	29.114681	45
28.764675	28.850094	64
28.766750	28.858425	60
29.118831	29.168819	64
29.131344	29.183406	60
29.895931	30.525081	33
29.987575	30.543819	45
30.048000	30.225094	65
30.056331	30.160488	57
30.060512	30.150081	62
30.343837	30.506344	65
30.345913	30.456325	57
30.352169	30.520931	62
30.631344	30.935512	64
30.641750	30.912594	60
30.918819	31.241756	62
30.920925	31.227169	59
31.118831	31.998012	33
31.214656	32.058406	45
31.250087	31.837581	64
31.256344	31.808406	60
32.295925	32.800075	33
32.404262	32.795925	45
32.425075	32.614681	57
32.429256	32.652156	60
32.745906	32.960506	60
32.752163	32.929256	57
33.056331	33.197994	62
33.058406	33.148006	59
33.370906	33.456325	59
33.381344	33.468837	62
33.562587	34.216762	33
33.660488	34.170925	45
33.708431	34.002163	64
33.748012	33.877163	60
34.089656	34.854244	60
34.095913	34.541744	57
34.968837	35.162594	62
34.970913	35.645931	28
34.977169	35.654262	40
34.991756	35.131344	59
35.295925	35.531337	62
35.310512	35.447994	59
35.595913	35.656337	60
35.608425	35.712581	57
35.898006	36.027156	56
35.908413	36.208431	59
36.239681	36.468837	28
36.243831	36.552181	57
36.245906	36.512569	40
37.354244	38.548000	45
37.498012	38.531337	52
37.570919	37.677181	60
37.577175	38.600094	57
37.645931	37.810512	64
37.712581	38.373012	69
38.385494	38.593837	64
38.864681	40.070919	50
38.966762	40.110500	53
39.031337	40.097988	57
39.077175	40.150081	69
40.154262	40.487575	65
40.512569	40.791744	62
40.512569	41.352169	43
40.854244	40.925075	59
40.862575	40.966762	67
41.168819	41.300075	67
41.179256	41.287594	60
41.179256	41.429256	47
41.183406	41.464656	55
41.470913	41.595913	67
41.475094	41.585506	62
41.798000	42.604244	48
41.810512	42.239681	67
41.816738	42.537594	55
41.827175	42.070919	64
42.152156	42.466762	64
42.472988	42.791744	60
42.810512	43.268825	62
43.256344	43.966762	64
43.864681	44.252163	40
43.916744	44.300075	47
43.916744	44.310512	52
43.968837	44.641750	59
44.706325	45.762600	52
44.712581	45.804226	64
44.722988	45.764675	45
44.733425	45.033413	61
44.737575	45.752163	49
45.781337	46.158413	60
46.123012	46.481350	57
46.450100	46.585476	62
46.462612	47.031337	38
46.475063	47.081325	45
46.479274	47.095913	50
46.762600	46.920925	62
47.075100	47.468837	62
47.418850	48.479274	60
47.729274	48.370937	40
47.752163	48.450100	45
47.770900	48.429226	48
48.445888	48.798000	59
48.791774	49.464687	57
49.283413	49.550075	40
49.329250	49.597988	44
49.448024	49.614650	52
49.481350	50.227138	56
50.175075	51.106350	57
50.189663	50.904262	45
50.210476	50.814663	52
51.425075	51.545925	33
51.500087	51.539638	45
51.537563	51.579250	60
51.545925	51.600063	57
51.862575	51.912563	57
51.866726	51.916774	60
52.170925	52.210476	59
52.173000	52.214687	62
52.470913	52.527187	62
52.479274	52.522976	59
52.637600	52.818813	33
52.735500	52.808437	45
52.800075	52.856350	64
52.802150	52.845913	60
53.129238	53.404262	64
53.129238	53.418850	60
53.847988	54.079250	33
53.993862	54.073024	45
54.058437	54.170925	65
54.073024	54.125087	57
54.077175	54.127163	62
54.375087	54.470913	57
54.389675	54.483425	65
54.395900	54.462612	62
54.658413	54.841762	64
54.664638	54.812587	60
54.941738	54.993862	62
54.950100	55.000087	59
55.145900	55.298000	33
55.233425	55.279262	45
55.264675	55.870937	64
55.268825	55.885524	60
56.229274	56.402187	33
56.350063	56.389675	45
56.435512	56.475063	60
56.439663	56.483425	57
56.781337	56.825100	57
56.785488	56.827175	60
57.081325	57.129238	59
57.093837	57.150112	62
57.383388	57.435512	62
57.583400	57.700100	33
57.664638	57.710476	45
57.708400	57.752163	64
57.714687	57.781337	60
58.039638	58.795925	60
58.041774	58.500087	57
58.754238	59.002163	33
58.893825	58.981350	45
58.912563	58.975063	62
58.923000	58.972988	59
59.216762	59.347988	62
59.231350	59.291774	59
59.510524	59.602138	60
59.522976	59.583400	57
59.800075	59.902187	60
59.804226	59.875087	57
60.145900	60.183437	28
60.145900	60.185512	40
60.152187	61.212612	56
60.152187	61.245937	59
60.514675	60.579250	52
60.810512	60.968837	53
60.968837	61.145900	52
61.127163	61.275112	50
61.281337	61.483425	48
61.448024	61.531337	47
61.595913	61.666774	47
61.602138	61.647976	60
61.623012	61.677150	57
61.623012	61.687587	45
61.912563	61.956325	57
61.916774	61.962612	60
62.202175	62.241726	59
62.208400	62.250087	62
62.504238	62.614650	59
62.506313	62.548000	52
62.506313	62.568813	45
62.506313	62.645900	62
62.804226	63.350063	52
62.804226	63.406337	45
62.814663	62.995937	64
62.816738	63.002163	60
63.135524	63.537563	64
63.139675	63.579250	60
63.850063	64.162563	45
63.935512	64.175075	50
63.989650	64.152187	53
64.050075	64.095913	57
64.050075	64.095913	62
64.050075	64.135524	65
64.347988	64.468837	65
64.352138	64.414638	57
64.364650	64.427150	62
64.631313	64.714687	64
64.633388	64.689663	60
64.908413	64.956325	63
64.918850	64.968837	59
65.225063	65.943813	45
65.227138	65.745937	64
65.233425	65.950100	52
65.245937	65.731350	60
66.162563	66.762600	45
66.268825	66.789638	52
66.329250	66.375087	57
66.339687	66.387600	60
66.618862	66.770900	60
66.620937	66.752163	57
66.908413	66.998012	62
66.912563	66.970913	59
67.191738	67.250087	43
67.198024	67.250087	52
67.206325	67.277187	59
67.206325	67.295925	62
67.477138	68.110500	41
67.489650	67.670925	60
67.498012	67.827175	64
67.566738	67.639675	48
67.804226	68.448024	60
67.808437	68.314663	57
68.606350	68.712612	62
68.606350	69.058437	40
68.606350	69.181362	52
68.616726	68.664638	59
68.616726	69.160488	47
68.885524	69.068813	62
68.906337	68.998012	59
69.166774	69.243862	60
69.175075	69.270900	57
69.445888	69.583400	56
69.758388	70.277187	57
70.350063	70.587612	45
70.364650	70.433437	57
70.468837	70.597988	60
70.498012	70.629238	52
70.595913	70.639675	64
70.647976	70.704250	57
70.722988	70.798000	69
70.881313	71.385524	81
71.183437	71.468837	57
71.316738	71.502163	64
71.456325	71.504238	69
71.475063	71.702175	76
72.056362	72.700100	69
72.056362	73.033413	81
72.060512	72.816738	62
72.656337	72.856350	65
72.933437	72.977138	69
72.958400	73.268825	77
73.248012	73.812587	55
73.333400	73.377163	76
73.550075	73.677150	79
73.564663	73.625087	71
73.570888	73.864650	62
73.800075	73.852138	67
73.816738	73.937587	79
73.820888	73.918850	72
74.104274	74.162563	74
74.108425	74.202175	79
74.385524	74.783413	60
74.400112	74.754238	79
74.418850	74.564663	76
74.675075	74.806362	67
74.685512	74.989650	76
74.979274	75.270900	72
75.275112	75.631313	74
75.579250	76.075100	52
75.597988	75.981350	76
75.904262	76.104274	59
76.035488	76.116726	64
76.185512	76.679226	71
76.804226	77.527187	61
76.823024	77.668850	76
76.829250	77.543850	57
76.833400	77.483425	64
77.722988	77.979274	72
78.014675	78.289638	69
78.291774	78.539638	50
78.310512	78.420925	74
78.441738	78.573024	57
78.595913	78.664638	62
78.604274	78.893825	74
78.760524	78.856350	65
78.897976	78.966762	69
79.041774	79.220913	74
79.198024	80.164638	72
79.808437	80.129238	52
79.808437	80.202175	60
79.818813	80.189663	57
80.123012	80.460476	71
80.433437	81.025112	69
80.802150	81.037563	52
80.839687	81.056362	56
80.993862	81.064663	59
81.054226	81.712612	68
81.647976	82.260524	45
81.660488	81.943813	69
82.227138	82.287563	52
82.810512	82.856350	45
82.810512	82.866726	57
82.818813	82.862575	60
83.102138	83.164638	60
83.102138	83.168850	33
83.112575	83.168850	57
83.252163	83.300075	45
83.381313	83.439663	62
83.383388	83.427150	59
83.662563	83.772976	59
83.662563	83.793850	62
83.800075	83.923000	45
83.931362	84.031337	33
83.968837	84.004238	60
83.975063	84.012600	64
84.264675	84.518825	64
84.266750	84.514675	60
84.560512	84.810512	45
84.831325	84.864650	76
84.835476	84.879238	72
85.114650	85.583400	33
85.400112	85.520900	65
85.404262	85.462612	62
85.525112	85.577175	45
85.677150	85.716762	64
85.685512	85.733425	60
85.945888	85.998012	45
85.966762	86.008388	59
85.966762	86.031337	62
86.216762	86.775112	33
86.241726	86.277187	60
86.241726	86.285488	64
86.514675	86.556362	76
86.522976	86.573024	72
86.677150	86.783413	45
86.839687	86.881313	64
86.839687	86.885524	60
87.091762	87.277187	45
87.364650	87.814663	33
87.377163	87.418850	60
87.381313	87.420925	57
87.677150	87.810512	60
87.681362	87.789638	57
87.812587	87.868862	45
87.950100	87.993862	62
87.952175	87.987575	59
88.231350	88.379238	45
88.231350	88.498012	62
88.239650	88.518825	59
88.498012	89.104274	33
88.518825	88.593837	60
88.522976	88.585476	64
88.791774	89.206325	64
88.800075	89.337612	60
89.083400	89.360500	45
89.604274	89.910488	33
89.614650	89.662563	62
89.618862	89.658413	59
89.875087	90.054226	62
89.889675	89.983425	59
90.035488	90.097988	45
90.168850	90.220913	60
90.179226	90.225063	57
90.443813	90.485500	45
90.452175	90.498012	60
90.458400	90.527187	57
90.714687	90.802150	28
90.714687	90.814663	40
90.743862	90.845913	59
90.750087	90.868862	56
91.050075	91.248012	52
91.060512	91.129238	53
91.285488	91.437587	53
91.431362	91.558437	52
91.585476	91.702175	50
91.731350	91.937587	48
91.927150	92.604274	45
92.212612	92.275112	60
92.216762	92.262600	57
92.502163	92.616726	59
92.502163	92.679226	62
92.785488	92.968837	62
92.791774	92.920925	59
92.910488	93.087612	45
93.079250	93.185512	33
93.091762	93.137600	64
93.097988	93.137600	60
93.402187	93.760524	64
93.406337	93.766750	60
93.691738	94.002163	45
94.233425	94.677150	33
94.252163	94.343837	65
94.256313	94.298000	62
94.525112	94.691738	65
94.529262	94.656337	62
94.666774	94.720913	45
94.816738	94.856350	64
94.827175	94.877163	60
95.085476	95.150112	45
95.097988	95.198024	59
95.097988	95.250087	62
95.373012	95.858425	33
95.385524	95.491726	64
95.389675	95.481350	60
95.679226	96.050075	60
95.679226	96.079250	64
95.954250	96.083400	45
96.468837	96.923000	33
96.491726	96.531337	60
96.493862	96.537563	57
96.768825	96.895900	60
96.781337	96.883388	57
96.897976	96.950100	45
97.043850	97.087612	62
97.050075	97.095913	59
97.327175	97.400112	62
97.335476	97.381313	59
97.339687	97.393825	45
97.612575	97.970913	33
97.620937	97.725063	60
97.620937	97.837612	64
97.918850	98.481350	60
97.925075	97.995937	45
97.933437	98.356350	57
98.495937	98.691738	40
98.602138	98.706325	47
98.637600	98.685512	52
98.645900	98.689663	59
98.645900	98.716762	62
98.914638	99.179226	62
98.920925	99.318813	52
98.925075	99.181362	59
98.929226	99.308437	47
98.929226	99.329250	40
99.185512	99.262600	60
99.191738	99.325100	57
99.477138	99.597988	56
99.477138	99.633388	59
99.758388	99.873012	57
99.764675	99.804226	52
99.766750	99.831325	47
100.035488	100.341762	45
100.041774	100.162563	57
100.204250	100.370937	60
100.212612	100.383388	52
100.350063	100.412563	64
100.375087	100.452175	57
100.502163	100.587612	69
100.527187	100.633388	60
100.643825	100.795925	72
100.652187	100.800075	64
100.768825	100.954250	76
100.950100	101.295925	81
100.952175	101.385524	57
101.231350	101.420925	64
101.370937	101.475063	69
101.520900	101.650112	76
101.791774	101.858425	72
102.104274	102.856350	62
102.120937	102.695888	81
102.416774	102.568813	65
102.552150	102.754238	69
102.716762	102.800075	74
102.875087	102.966762	65
103.008388	103.625087	76
103.354274	103.964687	55
103.660488	103.827175	62
103.673000	103.775112	79
103.681362	103.722988	72
103.845913	103.968837	67
103.979274	104.110500	79
103.981350	104.079250	72
104.252163	104.343837	74
104.252163	104.347988	79
104.531337	105.102138	60
104.560512	104.866726	79
104.564663	104.762600	76
104.827175	104.975063	76
104.862575	104.975063	64
104.991726	105.137600	67
105.147976	105.360500	72
105.187587	105.243862	64
105.420925	105.781337	74
105.748012	106.300075	76
106.027187	106.337612	52
106.173000	106.352138	59
106.325100	106.470913	71
106.341762	106.454250	64
106.543850	106.597988	69
106.554226	106.610500	70
106.656337	106.756313	71
106.943813	107.606350	76
107.258388	107.847988	57
107.427150	107.593837	60
107.568813	107.829250	64
107.735500	107.850063	69
107.858425	108.164638	72
108.166774	108.381313	69
108.456325	108.766750	50
108.462612	108.579250	69
108.491726	108.625087	74
108.610500	108.806362	57
108.777187	108.866726	69
108.779262	108.904262	74
108.798000	108.864650	62
108.954250	109.089687	65
109.081325	109.150112	69
109.120937	109.381313	74
109.402187	110.216762	72
109.618862	110.135524	57
109.798000	110.037563	60
109.964687	110.127163	64
110.106350	110.189663	60
110.452175	110.804226	71
110.791774	111.512600	53
110.837612	111.200100	69
111.089687	111.266750	57
111.220913	111.483425	60
111.385524	111.502163	65
111.704250	112.054226	69
111.948024	112.427150	52
112.075100	112.323024	68
112.333400	112.439663	59
112.468837	112.522976	64
112.633388	112.781337	68
112.768825	112.941738	71
112.923000	113.008388	76
113.358425	114.268825	69
113.395900	113.931362	93
113.687587	113.825100	72
113.808437	114.081325	76
113.987575	114.258388	88
114.277187	114.373012	81
114.562587	115.200100	74
114.587612	115.158413	93
114.891750	115.029262	77
115.027187	115.225063	81
115.200100	115.314663	86
115.335476	115.485500	81
115.466762	115.573024	77
115.520900	115.700100	89
115.664638	115.829250	88
115.850063	116.477138	67
115.864650	116.048000	86
116.164638	116.333400	71
116.168850	116.260524	83
116.168850	116.260524	91
116.318813	116.529262	74
116.481350	116.575100	84
116.481350	116.614650	91
116.485500	116.539638	79
116.793850	116.858425	86
116.798000	116.883388	91
117.093837	117.658413	72
117.110500	117.450100	91
117.116726	117.350063	88
117.397976	117.595913	76
117.412563	117.525112	88
117.568813	117.712612	79
117.735500	117.960476	84
118.027187	118.387600	86
118.318813	119.068813	65
118.350063	118.650112	88
118.645900	118.818813	69
118.789638	119.050075	72
118.954250	119.193813	81
118.964687	119.048000	77
119.552150	120.381313	64
119.566738	120.006313	81
119.566738	120.077175	88
119.870937	120.210476	71
120.025112	120.287563	76
120.198024	120.397976	81
120.816738	120.989650	59
120.820888	121.152187	81
120.825100	121.368862	86
121.471157	121.627163	71
121.471157	121.858425	84
121.483425	121.795925	81
121.527187	121.585476	78
121.533413	121.593837	75
121.839687	122.191738	83
122.135524	122.764675	69
122.202175	122.556362	81
122.514675	122.591762	72
122.652187	122.758388	76
122.804226	122.845913	72
122.958400	123.085476	69
123.106350	123.272976	64
123.272976	123.462612	57
123.416774	123.575100	64
123.591762	123.812587	69
123.764675	123.941738	72
123.918850	124.102138	76
124.068813	124.235500	72
124.231350	124.291774	69
124.400112	124.535488	64
124.548000	124.689663	60
124.706325	125.220913	45
124.856350	125.162563	52
125.041774	125.214687	60
125.193813	125.316738	57
125.354274	125.423000	52
125.535488	125.693813	45
125.677150	125.879238	40
125.843837	125.937587	33
125.995937	126.089687	33
126.306362	126.462612	60
126.308437	126.445888	57
126.460476	126.616726	33
126.620937	126.668850	59
126.620937	126.700100	62
126.918850	127.120937	62
126.923000	127.141750	59
127.075100	127.258388	45
127.256313	127.714687	33
127.262600	127.302150	60
127.262600	127.316738	64
127.566738	127.677150	45
127.818813	127.877163	76
127.929226	128.068813	76
127.935512	128.083400	72
128.083400	128.152187	69
128.245937	128.304226	64
128.268825	128.350063	60
128.393825	128.452175	57
128.560512	129.066738	33
128.860500	128.987575	62
128.860500	129.008388	65
128.989650	129.079250	45
129.162563	129.204250	60
129.162563	129.218837	64
129.472988	129.562587	59
129.472988	129.610500	62
129.472988	129.625087	45
129.758388	130.454250	33
129.772976	129.806362	60
129.772976	129.823024	64
130.052150	130.191738	76
130.097988	130.245937	72
130.118862	130.200100	74
130.231350	130.279262	69
130.375087	130.495937	64
130.387600	130.466762	60
130.548000	130.802150	45
130.933437	131.402187	33
131.104274	131.202175	57
131.104274	131.216762	60
131.425075	131.543850	57
131.425075	131.564663	60
131.587612	131.787563	45
131.762600	131.800075	59
131.762600	131.806362	62
131.777187	131.831325	52
132.060512	132.147976	52
132.091762	132.337612	59
132.100063	132.345913	62
132.352138	132.664638	45
132.393825	132.489650	60
132.404262	132.493862	64
132.666774	132.804226	76
132.685512	132.850063	72
132.700100	133.147976	33
132.823024	132.879238	69
132.985500	133.043850	64
132.987575	133.041774	60
133.150112	133.281337	45
133.300075	133.397976	33
133.618862	133.868862	60
133.623012	133.752163	57
133.920925	134.029262	59
133.920925	134.058437	62
133.929226	134.147976	33
134.085476	134.173000	45
134.235500	134.279262	60
134.239650	134.283413	57
134.533413	134.575100	45
134.545925	134.604274	57
134.554226	134.606350	60
134.847988	135.779262	28
134.881313	135.166774	57
134.881313	135.177150	59
135.181362	135.800075	40
135.495937	135.620937	52
135.629238	135.741726	53
135.698024	135.810512	52
135.777187	135.845913	50
135.845913	135.966762	48
135.939663	135.985500	47
136.056362	136.187587	45
136.152187	136.629238	33
136.420925	136.477138	57
136.433437	136.479274	60
136.597988	136.668850	60
136.602138	136.652187	57
136.608425	136.673000	45
136.764675	136.810512	59
136.764675	136.854274	62
137.056362	137.245937	62
137.060512	137.204250	59
137.114650	137.252163	45
137.212612	137.277187	52
137.393825	137.441738	64
137.400112	137.437587	60
137.412563	137.833400	45
137.712612	138.022976	64
137.716762	138.064663	60
138.025112	138.281337	33
138.627163	139.227138	38
138.670925	138.725063	62
138.675075	138.764675	65
138.966762	139.104274	65
138.970913	139.116726	62
138.977138	139.060512	57
139.108425	139.191738	50
139.264675	139.306362	60
139.264675	139.312587	64
139.564663	139.608425	63
139.570888	139.610500	50
139.575100	139.616726	59
139.877163	140.225063	33
139.891750	140.123012	64
139.893825	140.137600	60
140.187587	140.231350	45
140.506313	140.933437	60
140.518825	140.916774	57
140.556362	140.637600	45
140.808437	140.875087	52
141.120937	141.293850	60
141.129238	141.277187	57
141.427150	141.552150	57
141.429226	141.595913	60
141.435512	141.791774	45
141.587612	141.764675	52
141.741726	141.866726	62
141.748012	141.829250	59
142.058437	142.195888	59
142.058437	142.239650	62
142.210476	142.375087	43
142.370937	143.108425	41
142.385524	142.618862	60
142.385524	142.745937	64
142.404262	142.643825	57
142.404262	143.093837	53
142.491726	143.147976	48
142.702175	143.154262	60
142.710476	143.131313	57
143.312587	144.295925	40
143.423000	144.227138	47
143.464687	144.206325	52
143.481350	143.695888	62
143.481350	143.745937	59
143.485500	143.766750	56
144.123012	144.414638	60
144.443813	144.850063	59
144.787563	145.579250	33
144.804226	145.620937	45
144.837612	145.404262	57
146.041774	146.645900	58
146.062587	146.200100	74
146.064663	146.179226	71
146.329250	146.589687	71
146.329250	146.631313	74
146.645900	146.910488	72
146.656337	146.702175	62
146.656337	146.831325	69
146.958400	147.216762	71
147.104274	148.156337	52
147.206325	148.145900	59
147.347988	148.089687	64
147.366726	148.160488	69
148.075100	148.779262	68
148.656337	149.095913	45
148.775112	149.173000	52
148.881313	149.570888	69
149.981350	150.772976	58
150.041774	150.683437	62
150.106350	150.766750	65
150.139675	150.764675	70
150.147976	150.381313	88
150.162563	150.260524	84
150.481350	150.708400	88
150.493862	150.756313	84
150.802150	150.983425	83
150.804226	150.981350	86
151.187587	151.537563	52
151.287563	151.573024	59
151.406337	151.614650	64
151.450100	151.600063	80
151.458400	151.610500	84
151.777187	151.868862	80
151.777187	151.975063	84
152.118862	152.160488	80
152.502163	153.387600	57
152.633388	153.252163	64
152.695888	153.264675	69
152.752163	153.060512	81
152.818813	152.873012	76
153.068813	153.262600	84
153.220913	153.385524	81
153.387600	153.518825	76
153.531337	153.585476	72
153.695888	153.789638	71
153.710476	153.789638	72
153.923000	154.100063	69
154.085476	154.362575	76
154.281337	154.437587	72
154.439663	154.597988	69
154.612575	154.670925	64
154.758388	154.981350	72
154.906337	155.064663	69
155.048000	155.202175	64
155.222988	155.295925	60
155.366726	155.583400	69
155.529262	155.683437	64
155.683437	155.823024	60
155.816738	155.900112	57
155.948024	156.141750	64
156.062587	156.193813	60
156.160488	156.275112	57
156.264675	156.310512	52
156.362575	156.520900	60
156.470913	156.566738	57
156.556362	156.633388	52
156.647976	156.693813	48
156.737575	156.877163	55
156.966762	157.025112	48
156.979274	157.031337	47
157.045925	157.147976	45
157.147976	157.841762	33
157.641750	158.112575	52
157.650112	158.027187	45
158.418850	159.358425	33
158.481350	159.352138	40
158.558437	159.298000	45
158.597988	158.875087	52
158.600063	159.518825	60
158.614650	159.425075	57
158.631313	159.504238	64
