3.140488	3.582138	33
3.144638	3.611313	45
3.382187	3.440476	49
3.507187	3.607163	52
3.642563	3.773850	57
3.730087	3.892563	61
3.869675	3.921738	64
4.115524	4.180100	59
4.134262	4.200913	52
4.355087	4.428024	52
4.382187	4.430100	59
4.617600	4.728012	57
4.630112	4.678024	60
4.846726	4.892563	61
4.950913	5.050888	64
5.057175	5.242600	69
5.148850	5.311325	73
5.284226	5.327988	76
5.548813	5.619675	64
5.553024	5.607163	71
5.769638	5.857163	64
5.773850	5.827988	71
6.007187	6.053024	73
6.015488	6.071762	69
6.217575	6.263413	73
6.319687	6.496750	76
6.442612	6.671738	81
6.536362	6.688400	85
6.669663	6.765488	88
6.932175	7.009262	83
6.938400	6.990524	76
6.938400	6.994675	64
6.942612	6.996750	71
7.169663	7.223862	71
7.169663	7.234238	64
7.169663	7.296738	83
7.180100	7.246750	76
7.419663	7.530075	88
7.425888	7.469650	73
7.425888	7.542587	81
7.434250	7.490524	69
7.669663	7.748825	76
7.678024	7.725937	71
7.678024	7.732163	64
7.678024	7.765488	83
7.921738	7.975937	64
7.921738	8.032150	83
7.928024	7.975937	71
7.942612	7.992600	76
8.188400	8.282150	88
8.194687	8.275925	81
8.198837	8.244675	73
8.217575	8.273850	69
8.473862	8.530075	71
8.480087	8.536362	64
8.480087	8.536362	76
8.480087	8.557175	83
8.765488	8.850937	71
8.771774	8.850937	64
8.784226	8.903000	83
8.807175	8.865524	76
9.153000	9.313400	73
9.171738	9.334274	69
9.178024	10.036362	88
9.184250	10.061325	81
10.457138	10.505112	45
10.459274	10.502976	33
10.884262	10.932175	57
10.903000	10.961350	49
10.905075	10.957138	64
10.907150	10.980087	69
11.013413	11.103012	57
11.019638	11.077988	49
11.036362	11.144638	69
11.040512	11.105087	64
11.284226	11.384262	57
11.294663	11.348862	49
11.303024	11.446762	69
11.311325	11.382187	64
11.544663	11.594650	59
11.544663	11.594650	68
11.561325	11.615524	71
11.573837	11.638413	52
11.817612	11.915512	69
11.817612	11.936325	73
11.834274	11.886337	61
11.834274	11.894638	64
11.834274	11.896774	57
12.103012	12.215500	73
12.107163	12.184250	61
12.109238	12.157150	57
12.115524	12.159226	64
12.115524	12.173813	69
12.642563	12.721726	57
12.644638	12.723862	73
12.650925	12.721726	69
12.655075	12.711350	61
12.875900	13.032150	69
12.877976	12.990524	61
12.882187	13.063400	73
12.886337	12.990524	57
13.117600	13.223862	62
13.117600	13.244675	71
13.125900	13.267563	74
13.127976	13.236313	59
13.353012	13.434250	73
13.361313	13.419663	61
13.369675	13.432175	64
13.369675	13.502976	76
13.642563	13.705063	73
13.642563	13.711350	69
13.642563	13.736313	76
13.642563	13.782150	61
13.648850	13.761337	64
14.021774	14.067612	66
14.021774	14.069687	74
14.025925	14.075913	78
14.040512	14.088425	62
14.132187	14.225937	78
14.140488	14.196762	74
14.140488	14.211350	66
14.157150	14.207138	62
14.632187	14.807175	54
14.640488	14.861313	66
14.659226	14.840500	69
14.659226	14.859238	62
14.659226	14.877976	78
14.659226	14.903000	81
15.032150	15.082138	66
15.032150	15.088425	78
15.040512	15.094650	62
15.040512	15.100937	81
15.167587	15.228012	66
15.167587	15.248825	62
15.167587	15.250900	78
15.167587	15.300888	81
15.403000	15.461350	66
15.403000	15.590500	81
15.409226	15.455063	62
15.413437	15.575913	78
15.690476	16.000900	76
15.690476	16.034226	80
15.698837	15.765488	68
15.705063	15.813400	64
16.002976	16.084274	78
16.002976	16.090500	66
16.019638	16.080063	74
16.023850	16.073837	62
16.465500	16.840500	78
16.467575	16.834274	66
16.478012	16.848862	62
16.478012	17.009506	74
16.482163	16.888413	57
16.482163	16.894638	69
17.511337	17.555100	73
17.515488	17.557175	76
17.515488	17.563400	61
17.523850	17.573837	64
17.959274	18.005112	49
17.959274	18.007187	69
17.961350	18.011337	57
17.965500	18.011337	64
18.069687	18.115524	49
18.069687	18.153000	69
18.073837	18.130112	57
18.080063	18.136337	64
18.307175	18.359238	49
18.315476	18.363388	57
18.319687	18.463425	69
18.332138	18.417587	64
18.569687	18.644638	50
18.571762	18.621750	59
18.571762	18.623825	68
18.571762	18.682175	71
18.861313	18.965500	69
18.867600	18.915512	61
18.867600	18.932175	64
18.867600	18.955063	73
18.875900	18.938400	57
19.167587	19.259262	61
19.167587	19.271774	73
19.171738	19.217575	57
19.180100	19.223862	64
19.180100	19.230087	69
19.734238	19.827988	73
19.736313	19.809250	69
19.738388	19.796738	61
19.742600	19.803024	57
19.955063	20.140488	73
19.959274	20.113388	69
19.963425	20.094650	61
19.963425	20.098862	57
20.202988	20.334274	71
20.202988	20.359238	74
20.209274	20.346726	62
20.217575	20.357163	59
20.444687	20.519638	73
20.446762	20.500900	61
20.448837	20.511337	64
20.457138	20.553024	76
20.461350	20.530075	69
20.715500	20.763413	69
20.719650	20.773850	73
20.719650	20.784226	76
20.723862	21.011337	61
20.732163	20.992600	64
21.125900	21.165512	73
21.125900	21.178024	78
21.238388	21.300888	73
21.238388	21.344650	78
21.700913	21.784226	33
21.707138	21.821762	73
21.719650	21.819687	45
21.719650	21.861313	81
22.119675	22.171738	54
22.127976	22.178024	61
22.127976	22.180100	64
22.136337	22.184250	73
22.136337	22.202988	81
22.246750	22.300888	61
22.250900	22.315476	64
22.255112	22.298813	54
22.267563	22.338425	73
22.269638	22.388413	81
22.494675	22.692612	81
22.502976	22.625900	73
22.517563	22.590500	64
22.521774	22.575913	54
22.532150	22.582138	61
22.750900	22.988388	80
22.755112	22.834274	61
22.755112	22.855087	64
22.755112	22.859238	73
22.771774	22.821762	54
22.988388	23.050888	78
22.992600	23.057175	64
22.992600	23.075913	61
23.023850	23.075913	54
23.263413	24.044663	54
23.263413	24.115524	64
23.269638	23.542587	85
23.269638	24.140488	61
23.271774	23.455063	73
23.530075	23.713425	81
23.782150	23.915512	80
24.046738	24.144638	78
24.450913	24.490524	73
24.450913	24.498825	78
24.550888	24.650925	78
24.567612	24.623825	73
24.861313	24.905075	33
24.861313	24.921738	73
24.865524	24.900925	45
24.867600	24.998825	81
25.255112	25.305100	61
25.255112	25.307175	64
25.263413	25.323837	81
25.267563	25.311325	73
25.284226	25.338425	54
25.380112	25.473862	64
25.388413	25.459274	73
25.394638	25.500900	81
25.396774	25.434250	54
25.623825	25.813400	81
25.634262	25.678024	61
25.634262	25.686325	64
25.634262	25.738388	73
25.653000	25.702988	54
25.863388	26.028000	80
25.873825	25.940476	61
25.880112	25.942612	64
25.890488	25.944687	54
26.100937	26.286362	78
26.109238	26.173813	61
26.121750	26.180100	64
26.346726	26.742600	61
26.348862	26.594650	85
26.353012	26.513413	73
26.357163	26.817612	64
26.361313	26.788437	54
26.613388	26.775925	81
26.850937	26.942612	80
27.098862	27.157150	78
27.321762	27.419663	71
27.338425	27.396774	83
27.342575	27.394638	66
27.371750	27.417587	59
27.567612	27.655075	66
27.580063	27.675888	71
27.580063	27.680100	83
27.600937	27.653000	59
27.813400	27.955063	66
27.830063	28.186325	71
27.830063	28.294663	83
27.836350	27.984238	59
28.059250	28.182419	56
28.084274	28.223862	64
28.315476	28.398850	66
28.319687	28.367600	59
28.675888	28.919724	68
28.684250	28.913376	64
28.696762	29.155075	83
28.707138	28.840500	71
28.957199	29.098801	71
29.384201	29.505051	66
29.396774	29.490524	59
29.813400	30.075974	83
29.813400	30.105026	71
29.813400	30.734299	66
29.825974	30.778000	59
30.255051	30.311325	71
30.384201	30.498825	71
30.655075	30.786301	71
30.925949	31.013474	71
30.950974	31.017624	76
31.198776	31.298874	71
31.215500	31.313400	76
31.463425	31.498825	44
31.463425	31.567551	71
31.469650	31.532150	32
31.475876	31.619675	76
31.842575	31.959274	64
31.846726	31.986374	56
31.852951	31.988449	75
31.852951	32.017624	78
31.861374	31.948776	52
31.877976	31.965500	59
32.102951	32.238449	76
32.105026	32.186325	56
32.109299	32.257126	80
32.115524	32.173874	64
32.119675	32.175949	59
32.125900	32.188400	52
32.348801	32.430100	80
32.373825	32.417526	76
32.375900	32.600876	64
32.377976	32.625900	56
32.377976	32.640549	59
32.388474	32.711350	52
32.917526	32.994675	76
32.917526	33.015549	80
33.186325	33.230026	33
33.196701	33.252976	45
33.209274	33.657150	80
33.217575	33.419724	76
33.567551	33.690476	64
33.573776	33.690476	61
33.578049	33.778000	85
33.582199	33.696701	56
33.600876	33.673874	52
33.796799	33.913376	61
33.811325	33.892624	56
33.813400	33.877976	64
33.821701	33.980026	88
33.838425	33.900925	52
34.080124	34.157150	88
34.084274	34.165451	64
34.084274	34.198776	61
34.100876	34.163376	56
34.105026	34.225876	52
34.500900	34.546799	73
34.502976	34.561325	76
34.780075	34.930100	73
34.786301	34.925949	76
35.473801	35.528000	38
35.473801	35.752976	76
35.477951	35.632126	71
35.484299	35.561325	50
35.869675	36.002976	64
35.877976	35.969650	52
35.882126	35.965500	56
35.888474	36.011276	75
35.888474	36.036301	78
35.917526	35.998825	59
36.136276	36.209274	59
36.140549	36.194626	64
36.144699	36.292526	76
36.144699	36.300949	80
36.148850	36.196701	56
36.153000	36.207199	52
36.413376	36.492600	80
36.422043	36.509201	64
36.434250	36.553024	52
36.436325	36.477951	76
36.442551	36.528000	56
36.448776	36.513474	59
36.971726	37.057175	80
36.977951	37.042526	76
37.240524	37.273850	49
37.246750	37.686325	80
37.248825	37.290451	37
37.252976	37.486374	76
37.602951	37.688400	61
37.602951	37.865524	85
37.613449	37.692551	56
37.617600	37.688400	52
37.617600	37.696701	64
37.852951	37.923874	61
37.857224	37.925949	64
37.863449	37.921799	56
37.867600	38.015549	88
37.871750	37.930100	52
38.136276	38.213425	88
38.157150	38.655075	61
38.157150	38.665451	64
38.161301	38.719650	52
38.171799	38.690476	56
38.644699	38.688400	73
38.644699	38.692551	76
38.746750	38.840500	73
38.763474	38.869675	76
39.025925	39.071701	38
39.042526	39.102951	50
39.050949	39.296799	76
39.053024	39.161301	71
39.323776	39.469650	58
39.340500	39.448776	64
39.340500	39.482224	75
39.352951	39.505051	78
39.355026	39.461350	52
39.600876	39.703049	80
39.605026	39.650925	76
39.605026	39.680100	64
39.619675	39.673874	56
39.623825	39.673874	59
39.623825	39.690476	52
39.894699	40.163376	64
39.894699	40.273850	56
39.900925	40.238449	59
39.903000	40.278000	52
39.919724	40.250900	80
39.928024	40.288376	76
40.196701	40.482224	83
40.461350	40.615524	88
40.732224	40.773850	49
40.736374	40.784226	37
40.750900	41.771774	88
40.757126	41.653000	76
40.761276	41.667526	81
41.117600	41.207199	61
41.123825	41.244675	57
41.130051	41.227951	64
41.136276	41.207199	52
41.373825	41.480026	61
41.386276	41.471726	64
41.396774	41.467575	52
41.396774	41.473801	57
41.653000	41.755051	64
41.657150	41.803024	61
41.657150	41.813400	52
41.665451	41.817551	57
41.928024	42.127976	87
42.192551	42.313400	85
42.453049	42.492600	51
42.455124	42.494675	39
42.477951	42.596726	83
42.761276	42.836350	59
42.769699	42.905075	81
42.773850	42.832199	54
42.775925	42.838425	51
42.790451	42.859299	57
43.030075	43.163376	80
43.038376	43.115524	51
43.044724	43.096726	54
43.044724	43.109299	57
43.048874	43.098801	59
43.282150	43.359299	57
43.282150	43.373825	51
43.286301	43.486374	81
43.296799	43.346726	54
43.296799	43.352951	59
43.530075	43.609299	57
43.534226	43.732224	78
43.538376	43.607224	51
43.540451	43.598801	54
43.546799	43.596726	59
43.790451	43.834274	54
43.817551	43.859299	75
44.094650	44.273850	44
44.132126	44.288376	47
44.153000	44.286301	56
44.159226	44.244675	52
44.200974	44.590500	95
44.207199	44.621750	83
44.477951	44.538376	56
44.492600	44.559250	44
44.500900	44.565476	47
44.738449	44.803024	56
44.738449	44.850876	47
44.740524	44.811325	44
44.757126	44.819626	52
45.013474	45.144699	56
45.017624	45.130051	44
45.019699	45.205124	47
45.034226	45.178024	52
45.288376	45.352951	81
45.292526	45.375900	93
45.546799	45.580124	92
45.555100	45.600876	80
45.798874	45.846726	46
45.807175	45.848801	78
45.809250	45.846726	90
45.809250	45.850876	54
45.821701	45.865524	52
46.067551	46.119675	46
46.067551	46.140549	88
46.073776	46.115524	76
46.073776	46.127976	52
46.080124	46.132126	54
46.307175	46.344650	87
46.309250	46.355026	54
46.309250	46.369675	52
46.311325	46.357224	75
46.311325	46.365524	46
46.557175	46.602951	85
46.557175	46.611374	73
46.569626	46.615524	54
46.569626	46.619675	46
46.569626	46.630051	52
46.821701	46.884201	46
46.821701	46.886276	52
46.828049	46.875900	71
46.832199	46.877976	83
46.832199	46.882126	54
47.057175	47.123825	46
47.063400	47.117600	69
47.065476	47.121750	81
47.071701	47.125900	54
47.073776	47.125900	52
47.328049	47.367600	80
47.328049	47.384201	54
47.328049	47.388474	46
47.336350	47.371750	68
47.340500	47.390549	52
47.575974	47.621750	78
47.575974	47.627976	54
47.575974	47.627976	66
47.575974	47.636276	52
47.575974	47.638474	46
47.846726	47.911301	64
47.846726	47.923874	76
47.857224	47.917526	54
47.857224	47.919724	46
47.871750	47.928024	52
48.098801	48.142624	75
48.098801	48.169724	46
48.109299	48.155075	63
48.111374	48.165451	54
48.117600	48.167526	52
48.355026	48.430100	64
48.359299	48.513474	46
48.361374	48.450974	76
48.377976	48.459274	54
48.398850	48.475876	52
48.615524	48.655075	73
48.615524	48.667526	54
48.619675	48.659226	61
48.621750	48.682175	46
48.657150	48.711350	52
48.867600	48.917526	59
48.871750	48.950974	71
48.898850	48.950974	56
48.907150	48.971726	52
49.153000	49.313400	76
49.165451	49.217575	56
49.171799	49.225876	64
49.190476	49.255051	52
49.411301	49.469650	68
49.413376	49.469650	64
49.413376	49.477951	56
49.684250	49.790451	71
49.688400	49.736374	63
49.688400	49.742600	57
49.694626	49.755051	47
49.700974	49.750900	54
49.955124	50.032150	57
49.955124	50.042526	47
49.961350	50.028000	54
49.963425	50.048874	69
49.965500	50.015549	63
50.221726	50.328049	54
50.230026	50.298874	57
50.244675	50.303024	66
50.559250	51.061325	56
50.584274	51.678024	64
50.586350	51.090500	52
51.609299	51.688400	45
51.621750	51.665451	33
51.961350	52.002976	49
51.965500	52.011276	57
51.982224	52.021774	64
51.984299	52.028000	69
52.075974	52.165451	57
52.082199	52.142624	49
52.090500	52.169724	69
52.092575	52.155075	64
52.284226	52.342575	57
52.290451	52.330124	49
52.303024	52.440476	69
52.305100	52.403000	64
52.482224	52.590500	52
52.502976	52.546799	59
52.502976	52.561325	68
52.505051	52.602951	71
52.698776	52.755051	57
52.707199	52.805100	73
52.707199	52.821701	69
52.715500	52.761276	64
52.723801	52.784226	61
52.900925	52.959274	61
52.911301	52.948776	64
52.911301	52.953049	57
52.911301	52.980026	69
52.911301	52.998825	73
53.315476	53.394699	57
53.328049	53.409226	69
53.330124	53.373825	61
53.334274	53.388474	73
53.492600	53.596726	61
53.492600	53.621750	57
53.498825	53.619675	69
53.507126	53.638474	73
53.705124	53.775925	62
53.705124	53.803024	71
53.705124	53.807175	59
53.705124	53.819626	74
53.892624	53.996750	73
53.907150	53.955124	61
53.907150	53.975876	64
53.907150	53.986374	76
53.913376	53.961350	74
54.102951	54.178024	76
54.109299	54.188400	73
54.111374	54.227951	61
54.117600	54.180100	64
54.448776	54.490524	78
54.455124	54.498825	62
54.463425	54.505051	74
54.467575	54.507126	66
54.546799	54.642624	78
54.550949	54.623825	66
54.559250	54.598801	74
54.561325	54.605026	62
54.923874	55.086350	66
54.923874	55.107224	54
54.934250	55.159226	81
54.942551	55.092575	69
54.953049	55.090500	78
54.957199	55.107224	62
55.232224	55.280075	66
55.234299	55.288376	62
55.240524	55.292526	81
55.242600	55.288376	78
55.352951	55.421799	66
55.361374	55.417526	78
55.361374	55.421799	62
55.361374	55.467575	81
55.557175	55.623825	66
55.559250	55.607224	62
55.563400	55.752976	81
55.575974	55.730026	78
55.786301	55.857224	68
55.794724	56.042526	80
55.796799	55.928024	64
55.796799	56.042526	76
56.023850	56.111374	66
56.023850	56.113449	78
56.030075	56.130051	74
56.038376	56.100876	62
56.403000	56.730026	66
56.413376	56.782150	57
56.423874	56.794724	78
56.425949	56.771774	62
56.438400	56.892624	74
56.442551	56.775925	69
57.217575	57.265549	61
57.223801	57.261276	76
57.223801	57.267624	73
57.223801	57.271774	64
57.598801	57.648850	57
57.605026	57.653000	49
57.611374	57.657150	69
57.627976	57.694626	64
57.713425	57.775925	49
57.713425	57.790451	57
57.713425	57.823776	69
57.738449	57.790451	64
57.909226	57.977951	49
57.909226	58.015549	57
57.930100	58.092575	69
57.944626	58.030075	64
58.140549	58.236374	59
58.142624	58.230026	52
58.150925	58.217575	68
58.159226	58.246750	71
58.363449	58.425949	73
58.371750	58.432175	64
58.371750	58.436325	57
58.371750	58.502976	69
58.605026	58.657150	61
58.613449	58.663376	69
58.613449	58.707199	73
58.617600	58.659226	57
58.619675	58.661301	64
59.050949	59.125900	57
59.055100	59.109299	61
59.063400	59.150925	69
59.067551	59.127976	73
59.244675	59.384201	61
59.244675	59.392624	57
59.252976	59.398850	69
59.265549	59.415451	73
59.475876	59.671799	62
59.482224	59.598801	71
59.482224	59.632126	74
59.486374	59.669724	59
59.688400	59.744675	61
59.688400	59.773850	73
59.690476	59.755051	64
59.694626	59.807175	76
59.923874	60.115524	61
59.930100	60.090500	64
59.942551	60.125900	73
59.942551	60.142624	76
60.186325	60.367600	74
60.394699	60.625900	73
60.640549	60.707199	38
60.644699	60.696701	50
60.661301	60.740524	69
60.665451	60.734299	71
60.975876	61.023850	59
60.982224	61.036301	57
60.986374	61.034226	71
60.986374	61.059250	50
60.994675	61.044724	69
61.000900	61.067551	54
61.102951	61.146774	59
61.102951	61.146774	57
61.107224	61.182175	71
61.107224	61.200974	69
61.138474	61.190476	50
61.142624	61.194626	54
61.313400	61.386276	57
61.323776	61.455124	69
61.325974	61.371750	59
61.325974	61.482224	71
61.332199	61.398850	50
61.357224	61.415451	54
61.538376	61.596726	57
61.546799	61.598801	59
61.546799	61.600876	54
61.555100	61.632126	69
61.555100	61.732224	74
61.559250	61.611374	50
61.748825	61.911301	73
61.784226	61.880051	69
61.948776	62.230026	71
62.225876	62.386276	78
62.240524	62.413376	69
62.242600	62.969650	54
62.252976	62.948776	59
62.259201	62.946701	50
62.261276	62.950974	57
62.530075	62.734299	74
62.744675	62.942551	73
62.977951	63.015549	71
62.984299	63.032150	69
63.305100	63.346726	71
63.313400	63.357224	69
63.419724	63.477951	69
63.419724	63.482224	71
63.669724	63.713425	50
63.675949	63.730026	38
63.682175	63.800949	69
63.684250	63.809250	71
64.019699	64.069626	71
64.028000	64.078049	57
64.028000	64.086350	69
64.032150	64.080124	54
64.032150	64.084274	59
64.032150	64.092575	50
64.146774	64.211350	57
64.148850	64.244675	71
64.150925	64.244675	69
64.159226	64.207199	54
64.163376	64.209274	59
64.169724	64.221726	50
64.375900	64.463425	57
64.386276	64.523850	71
64.386276	64.532150	69
64.394699	64.448776	54
64.398850	64.446701	59
64.413376	64.477951	50
64.615524	64.786301	74
64.619675	65.038376	57
64.623825	64.775925	54
64.623825	65.071701	59
64.634201	64.703049	69
64.638474	65.067551	50
64.817551	64.992600	73
64.919724	65.017624	54
65.057175	65.236374	71
65.296799	65.417526	78
65.305100	65.459274	69
65.328049	66.161301	54
65.332199	66.250900	57
65.332199	66.352951	59
65.336350	66.163376	50
65.571701	65.867600	74
65.852951	66.121750	73
66.121750	66.319626	71
66.621750	66.682175	71
66.917526	67.144699	66
66.942551	67.165451	59
66.975876	67.361374	83
66.984299	67.363449	71
67.638474	67.763474	83
67.644699	67.732224	71
67.915451	68.588425	66
67.925949	68.069626	83
67.934250	68.040451	71
67.942551	68.719650	59
68.284226	68.344650	71
68.409226	68.507126	71
68.646774	68.773850	71
68.877976	68.977951	71
68.894699	68.984299	76
69.109299	69.198776	71
69.117600	69.240524	76
69.332199	69.367600	44
69.332199	69.386276	32
69.344650	69.444626	71
69.344650	69.515549	76
69.696701	69.809250	64
69.700974	69.817551	75
69.703049	69.807175	56
69.707199	69.836350	78
69.725876	69.803024	52
69.730026	69.792526	59
69.896774	69.990524	64
69.907150	69.965500	56
69.907150	69.977951	59
69.907150	70.036301	76
69.911301	70.036301	80
69.923874	69.984299	52
70.130051	70.225876	80
70.134201	70.238449	64
70.136276	70.269699	56
70.140549	70.290451	52
70.142624	70.184250	76
70.142624	70.269699	59
70.575974	70.678024	76
70.580124	70.709274	80
70.805100	70.848801	33
70.817551	70.873825	45
70.844650	71.011276	76
70.844650	71.213425	80
71.109299	71.198776	64
71.111374	71.298874	85
71.125900	71.182419	61
71.142624	71.200974	56
71.292526	71.373825	61
71.298874	71.367600	64
71.303024	71.361374	56
71.323776	71.386276	52
71.323776	71.457199	88
71.534226	71.642624	61
71.538376	71.588425	64
71.538376	71.615524	88
71.553024	71.611374	52
71.553024	71.625900	56
71.900925	71.936325	73
71.907150	71.944626	76
71.984299	72.069626	73
71.992600	72.086350	76
72.230026	72.267624	50
72.232224	72.275925	38
72.248825	72.409226	76
72.263474	72.371750	71
72.502976	72.590500	64
72.507126	72.632126	75
72.517624	72.590500	52
72.517624	72.646774	78
72.532150	72.596726	56
72.567551	72.619675	59
72.713425	72.800949	59
72.715500	72.784226	52
72.723801	72.771774	64
72.723801	72.775925	56
72.730026	72.863449	76
72.740524	72.823776	80
72.948776	73.019699	80
72.948776	73.034226	64
72.955124	72.990524	76
72.955124	73.063400	52
72.957199	73.069626	56
72.961350	73.061325	59
73.384201	73.523850	76
73.384201	73.546799	80
73.559250	73.636276	37
73.590500	73.636276	49
73.665451	73.894699	76
73.665451	74.007126	80
73.934250	74.015549	61
73.934250	74.125900	85
73.938400	74.030075	64
73.942551	74.009201	56
73.946701	74.019699	52
74.132126	74.221726	61
74.142624	74.209274	64
74.155075	74.205124	56
74.159226	74.288376	88
74.178024	74.240524	52
74.380051	74.459274	64
74.380051	74.459274	88
74.380051	74.490524	61
74.392624	74.459274	56
74.392624	74.475876	52
74.738449	74.778000	73
74.738449	74.786301	76
74.834274	74.917526	73
74.844650	74.909226	76
75.080124	75.119675	50
75.080124	75.127976	38
75.096726	75.203049	71
75.096726	75.286301	76
75.342575	75.461350	64
75.357224	75.490524	75
75.361374	75.459274	52
75.369675	75.498825	56
75.371750	75.513474	78
75.388474	75.467575	59
75.594650	75.630051	76
75.594650	75.650925	64
75.594650	75.655075	56
75.594650	75.661301	59
75.594650	75.667526	80
75.611374	75.669724	52
75.830124	75.959274	64
75.830124	76.040451	80
75.834274	76.009201	59
75.834274	76.025925	52
75.834274	76.044724	76
75.834274	76.046799	56
76.078049	76.315476	83
76.294724	76.430100	88
76.515549	76.553024	37
76.519699	76.561325	49
76.542526	77.388474	88
76.553024	77.292526	76
76.553024	77.330124	81
76.821701	76.896774	61
76.834274	76.894699	64
76.834274	76.957199	52
76.846726	76.921799	57
77.067551	77.144699	61
77.071701	77.138474	64
77.071701	77.173874	57
77.084274	77.144699	52
77.305100	77.400925	64
77.305100	77.432175	61
77.311325	77.450974	57
77.311325	77.465500	52
77.530075	77.746750	87
77.752976	77.903000	85
77.975876	78.013474	39
77.977951	78.021774	51
77.998825	78.227951	83
78.246750	78.336350	51
78.263474	78.355026	59
78.263474	78.407150	81
78.273850	78.336350	54
78.492600	78.669724	80
78.507126	78.569626	54
78.517624	78.571701	57
78.523850	78.571701	59
78.534226	78.594650	51
78.709274	78.782150	57
78.709274	78.961350	81
78.711350	78.782150	51
78.719650	78.771774	54
78.723801	78.773850	59
78.942551	79.032150	59
78.942551	79.223801	78
78.955124	79.038376	54
78.963425	79.028000	51
78.965500	79.025925	57
79.213425	79.255051	75
79.411301	79.627976	44
79.463425	79.617600	47
79.494675	79.619675	52
79.500900	79.615524	56
79.544724	79.809250	95
79.546799	79.784226	83
79.811325	79.888474	56
79.823776	79.886276	44
79.848801	79.905075	47
79.859299	79.930100	52
80.040451	80.098801	56
80.040451	80.100876	44
80.055100	80.115524	52
80.061325	80.123825	47
80.294724	80.373825	56
80.298874	80.348801	44
80.317551	80.367600	52
80.317551	80.384201	47
80.550949	80.642624	93
80.553024	80.630051	81
80.796799	80.832199	92
80.800949	80.840500	80
81.040451	81.084274	90
81.048874	81.092575	78
81.048874	81.098801	46
81.053024	81.094650	54
81.069626	81.119675	52
81.292526	81.348801	54
81.292526	81.350876	46
81.300949	81.359299	88
81.307175	81.346726	76
81.307175	81.357224	52
81.523850	81.575974	46
81.530075	81.571701	74
81.530075	81.575974	54
81.530075	81.580368	52
81.530075	81.584274	86
81.778000	81.817551	85
81.778000	81.842575	46
81.782150	81.825974	73
81.784226	81.838425	52
81.788376	81.850876	54
82.009201	82.053024	71
82.009201	82.053024	83
82.017624	82.082199	52
82.023850	82.084274	46
82.028000	82.082199	54
82.232224	82.282150	69
82.238449	82.286301	81
82.240524	82.300949	52
82.265549	82.315476	46
82.265549	82.328049	54
82.469650	82.532150	46
82.475876	82.517624	80
82.477951	82.534226	52
82.484299	82.521774	68
82.484299	82.536301	54
82.698776	82.742600	66
82.703049	82.752976	78
82.709274	82.771774	46
82.725876	82.790451	54
82.725876	82.794724	52
82.940476	82.984299	64
82.944626	82.992600	76
82.953049	83.013474	46
82.961350	83.025925	54
82.965500	83.034226	52
83.157150	83.215500	54
83.161301	83.227951	52
83.167526	83.211350	75
83.167526	83.211350	63
83.173874	83.242600	46
83.403000	83.457199	64
83.405075	83.471726	76
83.421799	83.488449	46
83.428024	83.486374	54
83.459274	83.519699	52
83.621750	83.680100	46
83.632126	83.686325	54
83.646774	83.709274	52
83.661301	83.717575	73
83.678024	83.715500	61
83.894699	83.957199	71
83.903000	83.961350	56
83.911301	83.953049	59
83.925949	83.992600	52
84.175949	84.225876	56
84.190476	84.265549	76
84.196701	84.252976	74
84.209274	84.282150	52
84.428024	84.505051	56
84.444626	84.496750	68
84.450974	84.511276	64
84.692551	84.821701	71
84.700974	84.759201	54
84.707199	84.761276	63
84.715500	84.765549	57
84.730026	84.794724	47
84.984299	85.142624	47
84.994675	85.050949	63
84.994675	85.075974	57
85.000900	85.121750	69
85.015549	85.065476	54
85.252976	85.338425	54
85.263474	85.328049	57
85.275925	85.340500	66
85.613449	85.934250	56
85.638474	85.961350	52
85.661301	85.965500	64
86.596726	87.203049	80
86.605026	87.173874	68
86.840500	86.896774	63
86.861374	86.907150	56
87.100876	87.182175	63
87.107224	87.167526	56
87.328049	87.442551	63
87.344650	87.828049	80
87.346726	87.715500	68
87.361374	87.415451	56
87.588425	87.661301	61
87.611374	87.661301	52
87.619675	87.678024	56
87.823776	87.875900	56
87.823776	87.915451	63
88.107224	88.217575	80
88.107224	88.286301	64
88.113449	88.194626	68
88.123825	88.263474	61
88.346726	88.417526	68
88.584274	88.634201	63
88.592575	88.638474	56
88.828049	88.940476	80
88.834274	88.905075	68
88.840500	88.909226	63
88.842575	88.990524	56
89.086350	89.171799	81
89.088425	89.157150	69
89.321701	89.365524	80
89.325974	89.363449	68
89.575974	89.621750	80
89.575974	89.621750	68
89.819626	89.869675	63
89.830124	89.886276	80
89.834274	89.882126	68
89.838425	89.886276	56
90.063400	90.117600	63
90.069626	90.132126	80
90.069626	90.132126	68
90.075974	90.130051	56
90.294724	90.394699	63
90.298874	90.850876	80
90.307175	90.365524	56
90.307175	90.627976	68
90.546799	90.609299	52
90.550949	90.621750	61
90.615524	90.686325	56
90.778000	90.842575	63
90.784226	90.832199	56
91.025925	91.127976	61
91.028000	91.071701	68
91.028000	91.094650	64
91.028000	91.109299	80
91.242600	91.300949	68
91.482224	91.530075	63
91.494675	91.536301	56
91.750900	91.836350	63
91.750900	92.523850	80
91.757126	91.855026	56
91.757126	92.500900	68
92.448776	92.528000	61
92.453049	92.544724	49
92.700974	92.817551	80
92.715500	92.765549	73
92.946701	93.023850	73
92.948776	93.073776	80
93.178024	93.221726	61
93.182175	93.227951	49
93.188400	93.313400	73
93.194626	93.344650	80
93.419724	93.467575	69
93.434250	93.538376	78
93.644699	93.686325	80
93.661301	93.717575	73
93.886276	94.082199	78
93.890549	94.125900	81
93.896774	94.059250	49
93.896774	94.073776	61
94.150925	94.209274	85
94.390549	94.455124	73
94.394699	94.461350	80
94.630051	95.169724	80
94.630051	95.196701	73
94.636276	94.690476	49
94.640549	94.686325	61
94.855026	94.898850	62
94.869675	94.919724	50
95.082199	95.117600	61
95.088425	95.125900	49
95.313400	95.344650	61
95.315476	95.348801	49
95.544724	95.607224	73
95.548874	95.613449	80
95.555100	95.592575	61
95.561325	95.600876	49
95.782150	95.863449	73
95.786301	95.838425	80
95.796799	95.846726	61
95.800949	95.852951	49
96.013474	96.134201	73
96.015549	96.057175	61
96.017624	96.059250	49
96.017624	96.155075	80
96.232224	96.278000	69
96.242600	96.361374	78
96.263474	96.300949	61
96.263474	96.300949	49
96.448776	96.540451	80
96.469650	96.513474	73
96.484299	96.523850	61
96.498825	96.548874	49
96.703049	96.752976	61
96.707199	96.867600	78
96.713425	96.934250	81
96.719650	96.761276	49
96.928024	96.977951	61
96.930100	96.977951	49
96.948776	97.123825	85
97.180100	97.227951	61
97.182175	97.275925	80
97.186325	97.242600	49
97.200974	97.261276	73
97.436325	97.473801	49
97.440476	97.471726	61
97.444626	97.480026	73
97.446701	97.492600	80
98.121750	98.730026	69
98.121750	98.755051	81
98.350876	98.400925	66
98.590500	98.646774	66
98.828049	98.880051	66
98.828049	99.200974	81
98.832199	99.225876	69
99.065476	99.194626	64
99.305100	99.363449	63
99.544724	99.657150	64
99.561325	99.940476	80
99.569626	99.973801	68
99.771774	99.886276	63
100.023850	100.080124	61
100.269699	100.363449	63
100.269699	100.967575	78
100.278000	100.982224	66
100.523850	100.609299	60
100.873825	101.625900	56
101.586350	102.430100	76
101.594650	102.398850	64
102.028000	102.071701	57
102.034226	102.102951	45
102.271774	102.313400	57
102.284226	102.340500	45
102.494675	102.534226	57
102.494675	102.542526	45
102.511276	103.121750	76
102.513474	103.102951	64
102.750900	102.788376	56
102.780075	102.844650	44
103.265549	103.986374	76
103.269699	103.982224	64
103.515549	103.550949	56
103.536301	103.578049	44
103.763474	103.803024	54
103.780075	103.819626	42
104.021774	104.065476	54
104.036301	104.075974	42
104.048874	104.575974	64
104.053024	104.563400	76
104.248825	104.309250	52
104.261276	104.319626	40
104.528000	104.578049	51
104.532150	104.575974	39
104.765549	104.809250	52
104.780075	105.080124	75
104.784226	105.186325	63
104.796799	104.865524	38
105.013474	105.057175	51
105.036301	105.084274	39
105.263474	105.296799	37
105.269699	105.311325	49
105.513474	105.555100	51
105.523850	106.298874	73
105.525925	106.323776	61
105.530075	105.567551	39
105.782150	105.840500	48
105.782150	105.886276	36
106.117600	106.284226	32
106.117600	106.292526	44
106.459274	106.584274	64
106.750900	106.873825	73
106.761276	106.855026	61
107.088425	107.213425	64
107.092575	107.146774	42
107.098801	107.146774	54
107.355026	107.405075	56
107.359299	107.507126	73
107.365524	107.484299	61
107.377976	107.430100	44
107.615524	107.730026	73
107.617600	107.692551	57
107.630051	107.673874	61
107.875900	107.930100	42
107.884201	107.934250	63
107.884201	107.934250	75
108.121750	108.198776	64
108.123825	108.217575	76
108.380051	108.415451	78
108.386276	108.425949	66
108.625900	108.696701	75
108.632126	108.678024	63
108.638474	108.698776	60
108.638474	108.715500	57
108.646774	108.700974	54
108.877976	108.928024	64
108.880051	108.955124	60
108.888474	108.938400	76
108.892624	108.959274	57
108.903000	108.959274	54
109.094650	109.155075	54
109.107224	109.163376	60
109.159226	109.227951	64
109.428024	109.534226	52
109.436325	109.490524	66
109.440476	109.502976	78
109.440476	109.511276	61
109.950974	110.182175	52
109.953049	110.167526	61
110.317551	110.459274	52
110.321701	110.380051	66
110.321701	110.394699	78
110.325974	110.469650	61
110.573776	110.709274	61
110.580124	110.632126	80
110.590500	110.632126	68
110.596726	110.653000	54
110.823776	110.946701	61
110.832199	110.905075	81
110.832199	110.907150	69
110.838425	110.890549	56
111.071701	111.205124	61
111.090500	111.161301	54
111.096726	111.148850	80
111.096726	111.148850	68
111.323776	111.455124	56
111.328049	111.444626	61
111.332199	111.384201	69
111.334274	111.398850	81
111.559250	111.659226	61
111.580124	111.623825	83
111.584274	111.627976	71
111.605026	111.673874	57
111.821701	111.984299	61
111.840500	111.942551	81
111.842575	111.921799	69
111.846726	112.021774	54
112.082199	112.211350	61
112.088425	112.225876	56
112.094650	112.155075	71
112.098801	112.173874	83
112.321701	112.386276	61
112.352951	112.409226	57
112.357224	112.390549	85
112.388474	112.455124	73
112.623825	112.946701	64
112.623825	113.002976	56
112.638474	112.996750	80
112.642624	112.934250	76
112.888474	113.069626	63
112.894699	113.163376	75
113.125900	113.198776	61
113.142624	113.271774	73
113.375900	113.569626	63
113.392624	113.569626	56
113.398850	113.692551	80
113.405075	113.636276	75
113.642624	113.865524	72
113.665451	113.744675	60
113.898850	113.948776	56
113.911301	113.953049	68
114.167526	114.671799	61
114.167526	114.688400	49
114.178024	114.307175	73
114.446701	114.511276	73
114.455124	114.521774	77
114.461350	114.534226	80
114.690476	114.842575	77
114.694626	114.796799	73
114.705124	114.832199	80
114.934250	115.780075	81
114.940476	115.680100	73
114.940476	115.778000	78
115.192551	115.252976	49
115.194626	115.255051	37
115.423874	115.461350	37
115.428024	115.471726	49
115.719650	116.328049	49
115.721726	116.294724	61
115.977951	116.038376	73
115.982224	116.046799	77
115.982224	116.123825	80
116.232224	116.357224	77
116.236374	116.330124	73
116.242600	116.361374	80
116.496750	116.840500	81
116.507126	116.850876	73
116.511276	116.907150	78
116.736374	116.819626	37
116.750900	116.825974	49
116.996750	117.061325	49
117.002976	117.046799	37
117.269699	117.678024	49
117.307175	117.742600	73
117.342575	117.725876	61
117.375900	117.667526	77
117.380051	117.684250	80
117.407150	117.723801	85
117.932175	118.036301	73
117.938400	118.050949	85
117.942551	118.034226	49
117.942551	118.036301	61
117.950974	118.015549	80
117.959274	118.023850	77
118.173874	118.259201	49
118.173874	118.269699	61
118.173874	118.280075	73
118.184250	118.284226	80
118.184250	118.309250	85
118.190476	118.278000	77
118.411301	118.496750	49
118.411301	118.498825	61
118.417526	118.507126	73
118.417526	118.540451	85
118.424118	118.525925	80
118.424118	118.528000	77
118.655075	118.828049	85
118.657150	118.721726	49
118.657150	118.721726	61
118.665451	118.736374	73
118.665451	118.792526	80
118.678024	118.752976	77
118.894699	119.255051	49
118.921799	119.259201	61
118.928024	119.207199	85
118.934250	119.269699	73
118.938400	119.257126	80
118.957199	119.246750	77
119.444626	119.538376	61
119.448776	119.555100	73
119.448776	119.571701	85
119.453049	119.525925	49
119.459274	119.532150	80
119.475876	119.544724	77
119.746750	119.840500	61
119.757126	119.832199	49
119.757126	119.865524	73
119.761276	119.886276	85
119.769699	119.850876	80
119.780075	119.852951	77
120.059250	120.182175	61
120.063400	120.148850	49
120.080124	120.227951	73
120.086350	120.246750	80
120.086350	120.250900	85
120.096726	120.223801	77
120.386276	120.432175	61
120.390549	120.500900	49
120.409226	120.646774	85
120.413376	120.605026	73
120.432175	120.484299	77
120.432175	120.486374	80
120.786301	121.148850	54
120.794724	121.127976	42
120.811325	121.000900	85
120.811325	121.032150	73
120.819626	121.013474	81
120.819626	121.032150	78
121.436325	121.561325	42
121.442551	121.534226	54
121.473801	121.559250	61
121.473801	121.563400	66
121.477951	121.638474	69
121.484299	121.575974	57
121.727951	121.869675	61
121.732224	121.903000	69
121.736374	121.803024	54
121.736374	121.867600	57
121.736374	121.880051	66
121.746750	121.813400	42
121.961350	122.057175	54
121.963425	122.092575	61
121.967575	122.084274	57
121.969650	122.115524	66
121.977951	122.038376	42
121.986374	122.115524	69
122.200974	122.267624	54
122.207199	122.280075	61
122.207199	122.355026	69
122.215500	122.307175	66
122.230026	122.271774	42
122.569626	123.307175	44
122.569626	123.330124	56
122.586350	123.227951	68
122.596726	123.230026	63
122.602951	123.263474	60
123.330124	123.446701	68
123.350876	123.428024	63
123.394699	123.482224	60
123.615524	123.692551	63
123.615524	123.748825	68
123.627976	123.719650	60
123.919724	124.007126	56
123.928024	124.046799	44
123.930100	124.082199	68
123.936325	124.042526	63
123.942551	124.057175	60
124.269699	124.321701	63
124.273850	124.334274	68
124.750900	126.571701	37
124.769699	126.573776	49
124.790451	126.594650	68
124.798874	126.569626	61
124.798874	126.594650	65
