4.061000	4.673500	60
4.098500	4.361000	74
4.373500	4.733917	76
4.386000	4.542250	64
4.636000	4.823500	67
4.904750	5.148500	64
4.904750	5.392250	76
5.173500	5.419333	72
5.452667	5.652667	64
5.473500	5.746417	76
5.719333	5.908917	67
5.733917	6.033917	74
5.990167	6.133917	64
5.998500	6.308917	72
6.254750	6.848500	60
6.283917	6.498500	79
6.542250	6.698500	64
6.552667	6.706833	76
6.815167	7.019333	67
7.073500	7.273500	64
7.088083	8.208917	76
7.352667	7.554750	72
7.638083	7.769333	64
7.896417	8.002667	67
8.171417	8.229750	64
8.483917	8.948500	50
8.492250	8.698500	74
8.746417	8.967250	57
8.775583	9.258917	74
9.017250	9.133917	62
9.273500	9.561000	76
9.275583	9.477667	65
9.519333	10.048500	74
9.544333	9.706833	69
9.769333	9.852667	65
10.040167	10.323500	72
10.302667	11.167250	69
10.340167	10.427667	62
10.583917	11.671417	50
10.875583	11.221417	57
11.131833	11.483917	62
11.400583	11.592250	64
11.658917	12.183917	65
11.925583	12.136000	62
12.200583	12.388083	57
12.483917	12.556833	50
12.802667	13.361000	41
12.833917	12.994333	69
13.088083	13.202667	69
13.113083	13.354750	48
13.333917	13.586000	72
13.377667	13.481833	53
13.598500	13.933917	69
13.617250	13.765167	57
13.863083	14.075583	60
13.873500	14.173500	74
14.144333	14.423500	72
14.152667	14.323500	57
14.436000	14.583917	60
14.656833	14.721417	57
14.736000	14.811000	69
14.898500	15.050583	69
14.948500	15.502667	41
14.969333	15.100583	74
15.206833	15.300583	74
15.225583	15.486000	48
15.292250	15.438083	72
15.550583	15.646417	53
15.800583	15.913083	69
15.821417	15.919333	57
16.056833	16.338083	69
16.098500	16.398500	74
16.350583	16.665167	72
16.365167	16.619333	65
16.392250	16.711000	53
16.638083	16.796417	60
16.923500	16.973500	57
17.208917	17.565167	43
17.254750	17.779750	74
17.483917	17.681833	50
17.750583	17.842250	59
18.008917	18.840167	74
18.067250	18.563083	55
18.131833	18.379750	62
18.315167	18.642250	59
18.550583	18.696417	67
18.836000	18.927667	76
19.221417	21.081833	55
19.290167	21.061000	59
19.383917	21.163083	62
19.413083	20.163083	67
19.419333	20.119333	65
20.554750	21.329750	91
20.567250	21.327667	79
21.740167	22.654750	60
22.029750	22.304750	67
22.054750	22.317250	74
22.306833	22.425583	86
22.556833	22.769333	76
22.586000	22.686000	72
22.815167	22.900583	88
23.069333	23.283917	72
23.090167	23.236000	64
23.338083	23.621417	67
23.350583	23.456833	86
23.358917	23.433917	74
23.602667	23.704750	84
23.852667	24.740167	60
24.083917	24.365167	79
24.344333	24.413083	91
24.386000	24.704750	64
24.621417	24.844333	72
24.861000	24.954750	67
24.890167	25.200583	76
24.921417	25.186000	88
25.173500	25.354750	72
25.408917	25.579750	67
25.652667	25.700583	64
25.873500	26.708917	74
25.956833	26.373500	50
26.173500	26.740167	86
26.194333	26.400583	57
26.431833	26.525583	62
26.692250	26.869333	65
26.921417	27.148500	69
26.948500	27.242250	88
26.967250	27.196417	76
27.211000	27.452667	74
27.450583	27.563083	89
27.461000	27.663083	69
27.467250	27.590167	77
27.708917	27.933917	65
27.998500	28.452667	83
28.000583	28.536000	71
28.248500	28.531833	62
28.536000	28.669333	65
28.786000	29.027667	62
29.050583	29.323500	57
29.317250	29.529750	50
29.569333	29.711000	57
29.846417	29.900583	50
30.102667	30.477667	41
30.133917	30.852667	84
30.138083	30.877667	72
30.392250	30.583917	48
30.665167	30.750583	57
30.911000	31.838083	53
31.161000	31.383917	60
31.188083	31.290167	86
31.206833	31.269333	74
31.444333	31.671417	57
31.673500	31.815167	65
31.690167	31.940167	84
31.700583	31.925583	72
31.952667	32.013083	60
32.150583	32.796417	72
32.263083	32.833917	84
32.533917	33.738083	53
32.825583	32.981833	57
33.046417	33.315167	60
33.321417	33.463083	83
33.327667	33.511000	71
33.354750	33.548500	65
33.606833	33.844333	60
33.861000	34.088083	57
33.896417	34.067250	81
33.898500	34.025583	69
34.196417	34.248500	53
34.431833	35.877667	55
34.704750	34.998500	62
34.719333	35.048500	86
34.727667	35.050583	74
35.006833	35.223500	59
35.252667	35.492250	67
35.521417	35.813083	62
35.533917	36.461000	83
35.544333	36.033917	72
35.829750	36.140167	67
35.890167	36.025583	59
36.113083	36.421417	62
36.379750	36.929750	84
36.419333	36.615167	55
36.704750	38.313083	55
36.996417	37.481833	83
37.000583	37.246417	71
37.006833	37.219333	59
37.246417	37.486000	62
37.511000	37.819333	67
37.831833	38.146677	62
37.838083	38.088083	79
37.856833	38.148500	74
38.413083	38.521417	59
38.867250	39.019333	67
38.958917	39.056833	72
39.015167	39.088083	76
39.048500	39.390167	41
39.104750	39.369333	79
39.323500	39.471417	76
39.327667	39.504750	48
39.581833	39.661000	57
39.581833	39.808917	76
39.817250	40.586000	53
39.848500	40.142250	74
40.075583	40.381833	60
40.108917	40.488083	76
40.358917	40.771417	57
40.402667	40.752667	65
40.519333	40.677667	72
40.590167	40.733917	76
40.686000	41.292250	79
41.154750	41.450583	52
41.240167	43.363083	76
41.477667	41.650583	60
41.740167	41.829750	67
41.998500	42.465167	64
42.267250	42.475583	72
42.506833	42.619333	67
42.781833	42.867250	64
43.329750	43.758917	50
43.386000	44.075583	74
43.652667	43.765167	57
43.886000	44.000583	62
44.142250	44.354750	65
44.411000	44.688083	69
44.667250	44.852667	65
44.925583	45.092250	72
44.933917	45.011000	62
45.490167	46.340167	50
45.777667	46.025583	57
45.781833	46.058917	69
45.786000	46.111000	65
46.058917	46.271417	62
46.313083	46.446417	67
46.313083	46.458917	64
46.358917	46.565167	57
46.583917	46.783917	65
46.592250	46.808917	62
46.602667	46.671417	50
46.829750	46.996417	50
47.063083	47.229750	45
47.081833	47.821417	64
47.100583	47.313083	60
47.319333	47.371417	38
47.617250	47.954750	29
47.927667	48.044333	41
48.173500	48.538083	60
48.190167	48.550583	57
48.438083	49.263083	53
48.727667	49.423500	60
48.736000	49.429750	57
49.715167	50.221417	41
49.986000	50.221417	48
50.023500	50.454750	60
50.277667	50.392250	53
50.544333	50.736000	57
50.817250	51.088083	60
51.063083	51.358917	57
51.321417	51.521417	65
51.352667	51.865167	72
51.815167	52.621417	55
51.883917	52.202667	71
51.888083	52.290167	67
52.146417	52.400583	62
52.394333	52.550583	59
52.663083	53.098500	71
52.663083	53.138083	67
52.940167	53.033917	62
53.158917	53.340167	59
53.442250	53.611000	72
53.465167	53.581833	69
53.746417	54.302667	67
53.831833	54.073500	71
53.933917	54.527667	55
53.956833	55.017250	74
54.238083	54.415167	59
54.450583	54.700583	62
54.717250	54.940167	59
54.986000	55.652667	53
55.279750	55.490167	62
55.596417	55.931833	59
55.954750	56.236000	53
56.823500	57.613083	81
57.504750	57.694594	79
57.792250	58.011000	79
58.886000	59.200583	48
58.890167	59.165167	81
59.150583	59.269333	79
59.152667	59.344333	55
59.417250	59.523500	64
59.421417	59.567250	79
59.661000	60.252667	60
59.683917	59.867250	79
59.950583	60.152667	67
60.023500	60.440167	79
60.254750	60.417250	64
60.529750	60.631833	67
60.761000	60.815167	64
60.867250	60.992250	72
60.931833	61.121417	76
61.027667	61.327667	81
61.052667	61.331833	48
61.300583	61.479750	55
61.300583	61.656833	79
61.542250	61.629750	64
61.800583	62.646417	79
61.804750	62.544333	60
62.102667	62.354750	67
62.361000	62.540167	64
62.617250	62.717250	67
63.104750	63.358917	72
63.148500	63.302667	76
63.177667	63.598500	50
63.238083	63.498500	81
63.454750	63.633917	57
63.475583	63.742250	79
63.686000	63.752667	62
63.923500	64.106833	65
63.938083	64.079750	79
64.186000	64.429750	69
64.186000	64.746417	79
64.440167	64.583917	65
64.696417	65.252667	77
65.004750	65.477667	62
65.150583	65.458917	69
65.198500	66.104750	76
65.425583	65.552667	65
65.698500	65.890167	62
65.933917	66.169333	57
66.188083	66.377667	50
66.452667	66.629750	57
66.731833	66.804750	50
67.090167	67.277667	69
67.158917	67.311000	72
67.215167	67.519333	41
67.223500	67.544333	76
67.481833	67.633917	72
67.496417	67.642250	48
67.721417	67.842250	57
67.988083	68.802667	72
67.992250	68.458917	53
68.233917	68.467250	60
68.481833	68.756833	57
68.731833	68.798500	65
68.777667	68.931833	69
69.067250	69.250583	69
69.161000	69.323500	72
69.242250	69.548500	41
69.252667	69.569333	76
69.519333	69.875583	72
69.546417	69.648500	48
69.819333	69.877667	57
70.017250	70.783917	72
70.042250	70.131833	52
70.252667	70.527667	60
70.517250	70.863083	57
70.771417	70.888083	65
70.781833	70.994333	69
71.033917	71.079750	60
71.240167	71.521417	69
71.319333	71.836000	43
71.331833	71.956833	72
71.586000	71.850583	50
71.844333	72.058917	55
72.088083	73.856833	72
72.352667	72.738083	57
72.623500	72.931833	59
72.886000	73.246417	60
73.436000	74.492250	59
73.436000	74.775583	55
73.954750	74.336000	60
74.233917	75.311000	62
74.523500	74.800583	60
74.827667	75.058917	59
75.129750	75.344333	55
75.371417	75.417250	59
75.686000	76.090167	41
75.706833	76.125583	69
76.375583	76.796417	69
76.392250	77.571417	36
76.777667	76.971417	67
77.094333	77.546417	43
78.315167	78.733917	36
78.356833	78.708917	69
78.633917	78.779750	43
78.663083	78.986000	67
78.875583	78.948500	48
79.167250	79.356833	52
79.477667	79.754750	55
79.777667	80.186000	52
80.048500	80.348500	60
80.319333	80.508917	55
80.608917	81.965167	48
80.633917	81.006833	64
80.929750	81.217250	57
81.165167	81.517250	60
81.442250	81.923500	57
81.711000	82.121417	60
81.965167	82.146417	52
82.254750	82.333917	48
82.544333	82.879750	60
82.798500	84.638083	41
82.852667	83.756833	64
83.100583	83.686000	48
83.367250	83.775583	53
83.658917	84.221417	60
83.946417	84.373500	53
84.213083	84.598500	48
84.479750	85.167250	60
84.502667	84.773500	57
85.040167	87.073500	43
85.102667	85.477667	55
85.115167	85.900583	59
85.417250	85.788083	50
85.715167	86.002667	55
85.998500	86.340167	60
86.090167	86.186000	50
86.292250	86.573500	55
86.556833	86.886000	50
86.852667	87.029750	55
87.454750	88.221417	41
87.483917	87.836000	69
87.823500	88.142250	67
87.850583	88.206833	48
88.138083	88.456833	69
88.219333	88.436000	53
88.448500	88.827667	67
88.600583	88.752667	57
88.769333	89.758917	69
88.840167	89.092250	60
89.877667	90.038083	64
89.940167	90.219333	40
89.973500	90.240167	67
90.238083	90.417250	48
90.256833	90.550583	64
90.490167	90.565167	55
90.519333	90.767250	67
90.792250	90.990167	64
90.819333	91.804750	52
91.096417	91.425583	74
91.367250	91.663083	71
91.413083	91.517250	55
91.650583	91.775583	67
91.656833	91.798500	59
91.973500	92.040167	55
92.283917	92.729750	60
92.346417	92.567250	64
92.436000	92.877667	69
92.450583	92.923500	41
92.736000	92.948500	48
92.981833	93.115167	53
93.002667	93.325583	69
93.283917	93.331833	57
93.577667	94.304750	43
93.611000	94.277667	67
93.633917	94.231833	59
93.921417	94.208917	50
94.173500	94.356833	55
94.183917	94.969333	65
94.206833	94.921417	62
94.521417	94.621417	50
94.871417	95.754750	48
94.908917	95.242250	60
94.908917	96.181833	64
95.206833	95.508917	55
95.498500	95.690167	60
95.525583	95.588083	59
95.796417	96.108917	55
96.081833	96.640167	47
96.106833	96.794333	62
96.125583	96.617250	59
96.711000	96.831833	55
97.936000	98.075583	62
98.644333	100.302667	45
98.706833	99.363083	60
99.000583	99.367250	52
99.294333	99.602667	59
99.311000	99.569333	57
99.565167	100.088083	52
99.898500	100.367250	57
99.925583	100.171417	60
100.208917	100.271417	69
100.504750	100.717250	72
100.750583	100.802667	81
101.050583	101.106833	84
101.119333	101.165167	93
102.763083	103.115167	64
102.775583	103.167250	52
102.815167	103.073500	71
103.069333	103.358917	69
103.081833	103.275583	59
103.325583	103.429750	64
103.331833	103.458917	71
103.598500	103.823500	67
103.877667	104.173500	71
103.888083	103.956833	74
104.169333	104.386000	67
104.219333	104.369333	79
104.454750	104.519333	86
104.579750	104.965167	64
104.656833	104.827667	71
104.733917	104.936000	91
104.992250	105.042250	98
105.011000	105.054750	95
105.031833	105.373500	76
105.040167	106.113083	67
105.056833	106.011000	71
106.567250	106.765167	81
106.661000	106.904750	84
106.746417	107.200583	50
106.765167	107.242250	89
107.052667	107.267250	57
107.319333	107.402667	62
107.338083	107.969333	88
107.369333	107.425583	81
107.611000	107.696417	65
107.931833	108.233917	55
107.954750	108.215167	86
108.231833	108.319333	88
108.275583	108.798500	62
108.358917	108.427667	86
108.408917	108.458917	88
108.538083	108.596417	88
108.556833	108.700583	71
108.581833	108.942250	86
108.871417	108.925583	67
108.898500	109.115167	84
109.223500	110.858917	48
109.361000	109.963083	84
109.756833	110.596417	55
110.052667	110.738083	60
110.377667	110.850583	64
110.763083	111.300583	69
111.086000	111.290167	55
111.448500	111.667250	48
111.788083	112.013083	67
112.242250	112.448500	60
112.352667	112.613083	64
112.473500	113.044333	41
112.475583	112.908917	69
112.877667	113.100583	48
112.879750	113.188083	67
113.152667	113.258917	53
113.152667	113.436000	69
113.429750	113.646417	57
113.431833	113.779750	67
113.756833	113.961000	69
113.761000	113.875583	53
114.608917	114.865167	59
114.706833	115.086000	62
114.731833	115.211000	40
114.802667	115.140167	67
115.077667	115.271417	47
115.081833	115.379750	64
115.315167	115.404750	52
115.340167	115.640167	67
115.625583	115.883917	55
115.636000	116.081833	64
115.979750	116.392250	52
115.998500	116.394333	67
116.742250	116.940167	60
116.838083	117.058917	64
116.969333	117.340167	69
116.977667	117.417250	38
117.254750	117.433917	45
117.511000	117.577667	50
117.556833	118.175583	69
117.815167	117.875583	53
118.104750	118.529750	43
118.142250	118.565167	67
118.431833	118.696417	50
118.475583	118.852667	69
118.792250	119.238083	59
118.821417	119.275583	67
119.242250	119.684177	55
119.715167	120.358917	48
119.819333	120.769333	72
120.200583	120.350583	55
120.438083	120.538083	60
120.727667	120.904750	64
120.992250	121.388083	67
121.261000	121.840167	60
121.565167	122.194333	76
121.836000	122.096417	64
122.121417	122.477667	60
122.133917	122.469333	79
122.419333	122.631833	67
122.677667	122.761000	72
122.709177	122.838083	79
122.950583	123.138083	84
122.971417	123.092250	76
123.206833	123.419333	79
123.208917	123.269333	86
123.429750	123.667250	91
123.440167	123.663083	76
123.629750	123.854750	96
123.654750	123.815167	84
123.823500	123.996417	79
123.823500	124.029750	98
124.011000	124.411000	72
124.021417	124.373500	103
124.286000	124.496417	98
124.302667	124.473500	79
124.481833	124.623500	76
124.492250	124.667250	96
124.636000	124.746417	84
124.661000	124.721417	91
124.777667	124.842250	79
124.844333	124.998500	86
124.898500	124.963083	76
125.015167	125.173500	84
125.158917	125.340167	72
125.219333	125.286000	77
125.223500	125.348500	79
125.379750	125.604750	91
125.415167	125.596417	60
125.573500	125.771417	86
125.604750	125.790167	67
125.742250	125.948500	84
125.813083	126.000583	72
125.944333	126.017250	79
126.040167	126.208917	67
126.154750	126.365167	74
126.229750	126.283917	64
126.369333	126.654750	72
126.431833	126.604750	60
126.629750	126.933917	67
126.636000	126.804750	55
126.844333	127.008917	48
126.854750	127.063083	79
127.023500	127.219333	74
127.033917	127.227667	55
127.188083	127.361000	72
127.225583	127.356833	52
127.363083	127.448500	67
127.577667	127.796417	62
127.581833	127.798500	48
127.788083	128.073500	60
127.813083	128.061000	43
128.031833	128.315167	55
128.067250	128.358917	36
128.283917	128.540167	67
128.323500	128.494333	48
128.508917	128.740167	62
128.531833	128.738083	43
128.708917	128.950583	60
128.738083	128.792250	36
128.940167	129.017250	55
128.961000	129.258917	36
129.208917	129.540167	50
129.246417	129.592250	31
129.506833	129.892250	48
129.525583	129.769333	24
129.846417	130.325583	36
129.846417	130.408917	50
130.279750	132.098500	24
130.375583	130.869333	43
130.854750	131.008917	48
131.013083	131.067250	50
131.175583	131.273500	55
131.296417	131.427667	60
131.402667	131.452667	62
131.531833	131.586000	67
131.640167	131.779750	72
131.723500	131.831833	74
131.892250	131.946417	79
132.000583	132.142250	84
132.108917	132.154750	86
132.248500	132.311000	91
132.415167	132.615167	96
132.621417	132.788083	98
132.823500	132.969333	91
132.902667	133.023500	96
132.929750	135.867250	24
132.958917	135.921417	36
132.961000	133.017250	98
133.008917	133.040167	103
134.515167	134.606833	55
134.915167	134.977667	55
135.056833	135.102667	55
135.725583	136.069333	55
136.456833	138.213083	29
136.477667	137.296417	55
136.479750	137.150583	59
136.483917	138.148500	41
137.131833	138.381833	60
137.140167	138.433917	57
138.433917	138.661000	55
138.788083	140.419333	28
138.842250	140.373500	40
138.961000	139.500583	55
138.963083	139.571417	59
139.521417	140.154750	60
139.527667	140.104750	57
140.592250	141.123500	64
140.611000	141.111000	60
141.148500	141.406833	65
141.148500	143.052667	26
141.163083	143.144333	38
141.165167	141.390167	62
141.431833	141.500583	60
141.431833	141.502667	64
141.531833	141.633917	65
141.613083	141.756833	64
141.661000	141.792250	60
141.771417	141.925583	62
141.790167	142.086000	59
142.069333	142.342250	60
142.073500	142.379750	57
142.371417	142.473500	59
142.375583	142.663083	55
142.654750	143.006833	57
142.671417	142.992250	53
142.992250	143.106833	52
142.992250	143.371417	55
143.329750	143.456833	53
143.350583	143.454750	50
143.631833	148.023500	31
143.696417	148.063083	43
143.827667	144.413083	52
143.829750	144.373500	47
144.296417	144.911000	50
145.125583	145.342250	55
145.386000	145.533917	59
145.565167	145.619333	62
145.761000	146.023500	67
146.061000	146.333917	79
146.317250	146.594333	77
146.583917	146.808917	76
146.819333	146.983917	74
147.008917	147.108917	72
147.142250	147.258917	71
147.250583	147.363083	69
147.381833	147.454750	67
147.517250	147.769333	65
147.750583	148.717250	64
148.625583	148.746417	62
148.802667	149.648500	62
149.163083	150.833917	36
149.173500	150.817250	48
149.627667	150.702667	60
150.702667	150.746417	67
150.702667	150.754750	62
150.802667	153.631833	67
150.817250	152.233917	62
151.188083	153.596417	48
151.192250	153.611000	36
152.098500	153.613083	60
