4.899756	5.681006	61
4.912253	6.239340	85
5.366416	6.174750	65
5.818503	6.147666	72
5.831000	6.233084	68
6.776831	7.403922	61
7.264334	7.735160	65
7.301840	7.810172	72
7.730994	8.122672	80
7.739340	8.110160	77
7.780997	7.860160	68
8.697669	9.878913	54
8.726828	9.174750	73
8.726828	9.176840	70
8.726828	9.699744	77
9.210166	10.016410	61
9.651831	10.185172	73
9.653922	9.976828	66
9.683081	10.103919	70
10.489340	10.610160	70
10.549750	10.624747	73
10.570578	11.785163	54
10.624747	11.520590	75
11.049750	11.853919	61
11.556006	11.883078	66
11.560172	12.095587	73
11.574744	11.903922	70
12.470587	13.468497	53
12.487250	12.937247	68
12.501837	12.968497	72
12.928916	13.599753	56
12.935172	13.474753	65
12.939337	13.608084	60
13.391410	13.945578	68
14.293494	15.105994	53
14.299750	14.730994	72
14.299750	14.762244	68
14.687247	15.291419	56
14.706000	15.293494	60
14.720587	15.162253	65
15.147666	15.512244	68
16.010169	17.010169	51
16.024756	16.960166	66
16.026831	17.101828	70
16.037253	16.935172	63
16.068503	16.980994	58
17.564337	19.403922	44
17.664328	19.372672	51
17.708090	18.066413	60
17.708090	19.391410	56
17.778922	18.018500	63
17.855994	18.616416	66
20.143500	21.408087	42
20.593497	20.703910	65
21.014334	21.295584	65
21.399756	21.616416	49
21.418494	21.566413	58
21.683081	23.022666	42
21.703910	21.916419	58
21.808081	22.674750	54
21.810172	21.933081	61
21.887244	22.066413	68
22.283087	22.349753	68
22.533087	23.270590	68
22.983084	23.262244	49
23.214331	23.730994	61
23.614340	24.174750	42
23.714331	25.414328	63
24.114340	25.905997	51
24.562247	25.993506	56
24.585166	26.155997	60
26.208090	26.622672	51
26.666419	26.893500	60
26.872672	27.145590	58
27.064337	28.460166	44
27.103919	27.912253	60
27.526831	28.449744	51
27.941413	28.431006	56
28.368506	28.622672	60
28.576834	28.847663	61
28.824744	29.766410	63
29.249747	30.051840	44
29.668494	29.987250	51
30.287253	30.578910	56
30.518500	30.974753	37
30.560172	31.010169	66
30.978919	31.831000	65
31.001837	31.783087	44
31.420584	31.789328	53
31.820578	32.362250	49
32.183081	32.276831	73
32.226828	33.133078	53
32.270590	32.541419	85
34.058081	35.195578	42
34.495581	34.787253	68
34.506003	34.801840	58
34.762244	35.024756	65
34.972663	35.405997	68
34.995581	35.364340	49
35.397666	35.689337	65
35.614340	36.108084	68
35.835166	36.045584	54
36.028922	36.170584	49
36.241416	36.518500	65
36.516410	36.760169	58
36.587256	36.766410	61
36.641410	36.835166	65
36.664328	36.980994	42
36.689337	36.785163	54
36.708090	36.864340	68
37.122672	37.664328	70
37.514334	37.960166	41
37.578910	38.545584	61
37.987250	38.595587	49
38.414328	38.847663	56
38.624747	38.778922	63
38.837256	38.947669	65
39.035163	39.310172	65
39.289328	40.003913	56
39.289328	40.035163	49
39.718497	39.926840	78
39.724753	39.953910	73
39.926840	40.376837	77
40.151831	40.214331	56
40.353919	40.812247	73
40.549750	40.724753	49
40.774756	41.168494	68
41.028922	42.308081	39
41.474753	41.716422	46
41.699744	41.764334	61
41.699744	41.789328	65
41.899756	42.112250	51
41.905997	42.210166	65
41.908087	42.247672	61
42.287253	42.489340	46
42.337256	42.391410	63
42.345587	42.424750	60
42.501837	42.972663	58
42.601828	43.345587	68
42.620581	42.691413	60
42.814337	43.374747	39
42.828910	43.420584	51
43.274756	43.474753	61
43.287253	43.372672	58
43.320578	43.387244	46
43.655997	44.318503	44
43.770590	44.408087	58
44.178916	44.476828	51
44.326834	44.676840	61
44.872672	45.631003	49
44.941413	45.456000	61
45.408087	45.608084	53
45.597663	45.785163	56
45.822669	45.878913	61
46.078910	46.385169	65
46.303916	47.949744	68
46.583090	47.849753	73
46.887244	48.153922	80
48.689337	49.547660	54
49.122672	49.322669	77
49.351828	49.485160	61
49.545584	49.824744	77
49.766410	49.860160	66
49.989340	50.387244	70
50.345587	50.470587	73
50.370581	51.347663	54
50.401831	51.176840	66
50.437247	50.595587	80
50.628913	51.122672	61
50.839331	50.960166	80
51.066413	51.655997	80
51.303916	51.364340	61
51.472663	51.543494	61
51.722663	52.206000	73
52.097663	52.843497	54
52.183081	53.081000	75
52.614340	53.510169	60
52.806006	53.539328	63
53.018500	53.553916	68
53.226828	53.435172	72
53.433081	53.610160	75
53.891410	54.314337	80
53.903922	54.887244	68
53.920584	54.737250	63
54.003913	54.831000	60
55.243506	55.468497	72
55.451834	55.720587	70
55.639334	56.078910	44
55.706000	56.647666	72
56.112250	56.399756	54
56.514334	56.689337	60
56.903922	57.280997	63
56.908087	57.126837	72
57.118506	57.278922	73
57.364340	57.537253	68
57.366416	57.810172	75
57.376837	57.795584	72
57.776831	58.293494	63
58.233084	58.681006	68
58.795584	58.845587	56
58.891410	59.112250	68
59.076834	59.493506	49
59.085166	59.508078	78
59.095587	59.516410	73
59.524756	60.301840	77
59.524756	61.714331	56
59.910163	60.431006	61
60.333090	60.803916	65
60.760169	61.389334	61
61.141410	61.328910	90
61.145590	61.268500	80
61.364340	61.560172	89
61.572669	62.016410	85
61.768500	62.068503	61
61.995581	62.083090	80
62.435172	63.660163	54
62.897666	63.093497	80
62.908087	62.989340	70
62.941413	63.022666	73
63.118506	63.355994	77
63.333090	63.666419	80
63.339331	63.589331	70
63.551840	63.780997	61
63.768500	63.983084	77
63.989340	64.345587	73
63.993506	64.399756	80
64.199744	64.453910	66
64.401831	64.770590	61
64.603919	64.855994	77
64.912253	65.114340	73
64.953910	65.491416	54
65.033087	65.162253	80
65.206000	65.295584	73
65.449744	65.941413	82
65.868506	67.643500	53
65.908087	66.639334	73
66.335166	67.637244	56
66.783087	67.247672	65
67.014334	67.118506	72
67.014334	67.149756	75
67.218497	67.351828	77
67.230994	67.331000	68
67.441413	68.191413	77
67.451834	68.081000	68
67.668494	68.774756	61
68.114340	68.714331	65
68.587256	69.176840	77
68.622672	69.118506	73
69.453910	69.912253	51
69.899756	69.947669	58
69.901831	69.985160	73
69.903922	70.068503	77
70.118506	70.274756	75
70.320578	70.670584	70
70.320578	70.706000	61
70.337256	70.743506	66
70.343497	70.814337	77
70.345587	70.678916	73
70.774756	71.233084	75
71.099753	71.337256	56
71.295584	71.520590	63
71.468497	72.653922	66
71.649756	72.476828	72
71.681006	72.291419	80
71.806006	72.780997	63
72.322669	72.435172	70
72.543494	73.068503	70
73.012244	73.601828	75
73.437247	74.710166	49
73.530997	73.895590	73
73.947669	74.828910	56
74.170584	74.683081	58
74.372672	74.683081	61
74.793494	75.339331	63
74.799750	75.353919	66
75.289328	75.949744	49
75.289328	75.995581	56
75.324744	76.295584	65
75.345587	76.262244	61
76.270590	76.576834	56
76.278922	76.566413	48
76.716422	76.858084	68
76.920584	77.253913	68
77.166419	77.572669	46
77.201834	77.855994	73
77.214331	77.872672	65
77.653922	78.299750	53
77.845587	78.370581	58
78.089331	78.370581	61
78.110160	78.749747	73
78.851828	79.020590	68
78.945578	79.228919	44
78.966422	79.247672	72
79.183081	79.599753	68
79.370581	80.351828	53
79.585166	80.326834	56
79.831000	80.251837	60
80.728919	81.160163	42
80.766410	81.214331	70
81.158087	81.210166	49
81.172660	81.280997	68
81.408087	81.681006	68
81.593497	81.845587	54
81.824744	82.016410	58
82.037253	82.208090	61
82.241416	82.739340	68
82.251837	82.743506	63
82.483084	82.968497	37
82.724753	83.506003	65
82.728919	83.428916	61
82.964331	83.168494	44
83.218497	83.358084	53
83.428916	83.760169	56
83.899756	84.095587	48
83.926840	84.441413	68
84.343497	84.801840	46
84.391410	84.953910	73
84.399756	84.960166	65
84.851828	85.574744	53
85.285163	85.512244	73
85.289328	85.553916	61
85.312247	85.591422	65
85.537253	85.681006	72
85.962256	86.110160	73
85.987250	86.326834	65
86.197669	86.664328	44
86.658087	86.914328	75
86.874747	87.437247	72
87.070578	87.451834	56
87.280997	87.441413	63
87.514334	87.574744	60
87.524756	88.008078	68
87.941413	88.908087	42
87.993506	88.372672	65
88.420584	88.756003	49
88.639334	89.297660	61
88.864340	89.041419	54
89.072669	89.153922	49
89.322669	89.847663	56
89.745581	90.701834	42
89.772666	90.447669	49
89.776831	90.453910	54
89.783087	90.035163	68
90.464331	90.747672	68
90.724753	90.910163	49
90.924750	90.978919	42
91.149756	91.633078	80
91.572669	91.960166	46
91.595587	92.103919	85
91.614340	92.105994	77
92.047660	92.768500	53
92.314337	92.512244	77
92.374747	92.549750	80
92.424750	92.708090	58
92.458090	92.678916	85
92.693503	93.028922	84
93.064337	93.331000	85
93.280997	93.528922	44
93.355994	93.822669	84
93.783087	93.903922	80
93.806006	94.262244	56
93.991416	94.378913	80
94.247672	94.474753	68
94.256003	94.562247	60
94.283087	94.595587	63
94.945578	95.547660	73
95.030997	95.526831	77
95.068503	96.143500	54
95.112250	95.526831	82
95.533087	95.693503	80
95.533087	96.228919	61
95.964331	96.170584	80
95.993506	96.164328	66
96.301840	96.578910	73
96.610160	96.953910	80
96.618506	96.949744	75
96.889334	97.285163	49
96.922660	98.087256	73
96.941413	98.039344	77
97.347663	98.208075	56
97.847663	98.112250	65
97.851844	98.218512	61
98.551825	98.783087	78
98.739325	99.114325	51
98.741431	99.226844	77
99.193488	99.283087	75
99.199744	100.037238	58
99.380988	99.566413	75
99.635169	100.078925	66
99.662238	100.105994	61
99.843512	100.018500	70
100.091406	100.264319	77
100.095587	100.176825	73
100.306006	101.320594	75
100.343512	101.162238	72
100.572669	101.355994	58
100.576819	101.172675	66
101.428931	101.508094	61
101.643500	101.883094	75
101.876837	101.916419	58
101.883094	102.072669	73
102.114325	102.995581	75
102.156012	102.222663	72
102.301825	102.485175	32
102.306006	102.524756	44
102.547675	102.691413	72
102.774756	103.716406	54
103.220587	103.703925	66
103.226844	103.643500	58
103.658087	104.028906	61
104.143500	104.597663	66
104.149756	104.476844	54
104.170569	104.822669	82
104.185156	104.739325	78
104.203925	104.547675	58
104.747656	105.668494	54
104.878913	105.635169	58
104.974738	105.616431	66
105.151831	105.653906	84
105.158087	105.662238	80
105.158087	105.693488	75
106.089331	107.283087	66
106.124762	107.185156	54
106.130988	107.212256	58
106.133094	107.189337	75
106.135169	108.712256	87
108.262244	109.024756	56
108.268500	109.076819	44
109.581000	109.697669	80
109.808081	110.149756	80
110.058081	110.187262	37
110.070594	110.235175	49
110.081000	110.335181	85
110.528906	111.031012	61
110.535163	110.755988	85
110.764319	111.031012	84
110.985175	111.508094	73
110.997656	111.364325	85
111.005988	111.503913	65
111.431006	111.670569	84
111.651831	111.885169	85
111.774756	112.774756	61
111.853919	112.726844	65
111.908087	112.210181	84
111.914344	112.355994	68
111.920569	112.553931	72
112.174750	112.437262	80
112.597663	113.245581	80
112.866431	113.047675	72
112.876837	113.206000	68
112.958075	113.287238	65
113.312262	113.843512	77
113.737250	113.956000	54
113.787238	114.074744	85
113.808081	114.139319	80
114.193488	114.656012	66
114.210181	114.441413	85
114.447669	114.739325	84
114.670569	115.247656	70
114.689337	115.093512	85
114.695594	115.245581	77
114.703925	115.253913	73
115.143500	115.395575	84
115.368506	115.581000	85
115.583075	116.047675	66
115.630988	115.870581	84
115.851844	116.056006	80
116.049750	116.103919	73
116.076819	116.149756	70
116.295569	116.918494	80
116.522681	117.068488	56
116.991431	117.153906	63
117.222663	117.695594	80
117.618506	117.862250	82
117.945594	118.518500	54
118.014319	118.416419	82
118.478919	118.543494	61
118.489325	118.728919	82
118.874762	119.341406	66
118.926825	119.122656	82
119.145575	119.270575	80
119.358069	119.422675	73
119.362250	119.445594	70
119.368506	119.826819	80
119.824744	120.176825	78
120.020575	120.647681	53
120.149756	120.470587	80
120.445594	120.626837	77
120.628913	120.708075	56
120.668494	120.822669	65
120.672675	120.735175	60
120.910163	121.353919	77
121.116431	121.618506	65
121.547675	121.741431	68
121.578925	121.672675	72
121.608069	122.058081	73
122.043494	122.828925	58
122.047675	122.426825	77
122.487250	122.860175	70
122.495581	122.591406	75
122.505988	122.860175	61
122.562262	122.795569	65
122.741431	123.166419	75
123.408087	123.572669	73
123.880988	124.228919	70
124.091406	125.812262	56
124.233069	124.510169	77
124.505988	125.008094	78
124.970587	125.433081	75
125.222663	125.733069	68
125.706000	126.114325	80
126.185156	126.408087	49
126.197669	126.478919	85
126.426825	126.597663	56
126.637244	126.812262	85
126.639319	126.737250	65
126.866431	127.124762	68
126.899756	127.147681	84
127.126837	127.487250	73
127.126837	127.539344	85
127.360175	127.464331	77
127.601844	127.833075	84
127.808081	128.043494	85
128.043494	128.289344	60
128.066413	128.316413	84
128.299750	128.572669	80
128.301825	128.593512	68
128.533087	128.837256	72
128.737250	128.837256	68
128.776831	129.362250	80
128.799750	129.245581	75
129.028906	129.306006	72
129.503913	129.660163	68
129.541419	130.037238	77
130.001837	130.253913	58
130.016425	130.322669	85
130.035163	130.345587	80
130.289344	130.635169	65
130.485175	130.706000	85
130.714331	130.906012	70
130.722663	131.033087	84
130.941413	131.110175	73
131.010169	131.149756	85
131.218512	131.389319	70
131.428931	131.633094	87
131.439337	131.495581	65
131.660163	131.956000	85
131.953925	132.203925	56
131.964331	132.220587	84
132.218512	132.483069	80
132.255988	132.441413	63
132.476844	132.987250	68
132.706000	132.999762	72
132.951819	133.370581	80
133.449744	133.516425	63
133.835181	134.137244	73
133.920569	134.160163	77
133.970587	134.358069	54
133.999762	134.274756	82
134.251837	134.443488	61
134.449744	134.687262	82
134.460181	134.524756	66
134.689337	134.897681	70
134.922675	135.043494	73
134.928931	135.126837	82
135.162238	135.306006	80
135.391425	135.614325	80
135.616431	135.853919	78
135.855994	136.235175	53
135.866431	136.103919	80
136.097663	136.312262	77
136.358069	136.562262	61
136.585181	136.951819	77
136.831000	137.135169	68
137.328925	137.393500	73
137.724738	137.956000	70
137.743506	138.039344	51
137.793494	137.980994	73
137.812262	138.118506	63
137.866431	138.060156	58
137.880988	138.126837	77
138.331000	138.435156	75
138.545569	138.835181	75
138.797675	139.260169	63
139.299750	139.460181	66
139.316413	139.545569	73
139.537238	139.818488	70
139.770575	141.549750	54
139.799750	140.387244	73
139.806006	140.326819	77
140.276831	141.624762	61
140.299750	141.524756	78
140.764319	141.614325	66
141.543494	142.743506	77
141.833075	142.445594	66
141.874762	142.264319	54
141.943488	142.385169	61
142.576819	143.091406	54
142.666419	142.876837	69
142.691413	142.947669	61
142.730994	142.901831	66
142.747656	142.916419	73
142.841406	143.851844	75
143.741431	144.991431	37
143.760169	144.153906	73
144.201819	144.920569	44
144.412238	145.037238	49
144.668494	144.989325	54
144.897681	145.183081	56
145.164344	145.662238	61
145.508094	146.814337	37
145.595587	146.880988	44
145.637244	146.926825	49
145.714331	146.787238	53
147.556006	149.112250	42
147.570594	149.343512	54
147.581000	149.143500	58
147.589331	149.135169	49
147.599738	149.480994	65
147.603919	149.512244	61
149.543494	152.172675	54
149.560156	152.091406	51
149.560156	152.149756	60
149.562262	152.133094	44
149.566413	152.203925	63
152.695594	155.826819	37
152.701819	155.876837	49
152.872656	153.258094	53
153.241431	153.416419	60
153.456000	153.522681	65
153.653906	153.770575	65
153.860175	154.024756	72
154.045569	154.099738	77
154.224738	154.397681	77
154.418494	154.626837	84
154.620581	154.674750	89
154.826819	155.151831	89
155.066413	155.374762	96
155.349738	155.435156	101
155.364325	155.422675	92
