6.402167	6.579250	52
6.677167	6.858417	53
6.850083	6.904250	55
7.004250	7.068833	57
7.127167	7.285500	59
7.264667	7.329250	60
7.433417	7.664667	62
7.652167	7.925083	64
7.877167	8.516750	65
8.500083	9.120917	64
8.506333	8.718833	62
9.154250	9.210500	65
9.198000	9.270917	64
9.266750	9.337583	65
9.327167	9.639667	64
9.643833	9.975083	62
9.933417	10.279250	64
10.262583	10.964667	60
10.977167	11.279250	57
11.277167	11.368833	59
11.454250	11.560500	60
11.623000	11.775083	62
11.756333	11.823000	64
11.914667	11.977167	65
12.016750	12.168833	67
12.120917	12.231333	69
12.200083	12.241750	71
12.302167	12.360500	72
12.389667	12.520917	74
12.485500	12.533417	76
12.606333	12.764667	77
12.789667	13.118833	79
13.062583	13.514667	81
13.529250	13.952167	83
14.014667	14.256333	84
14.014667	14.360500	64
14.235500	14.373000	76
14.254250	14.341750	69
14.423000	14.560500	72
14.423000	14.598000	81
14.589667	14.723000	69
14.600083	14.764667	83
14.781333	15.062583	84
14.823000	15.039667	64
14.998000	15.168833	69
15.008417	15.154250	76
15.183417	15.377167	81
15.198000	15.337583	72
15.366750	15.518833	69
15.370917	15.552167	83
15.558417	15.775083	84
15.558417	15.887583	64
15.758417	15.908417	69
15.770917	16.168833	76
15.958417	16.160500	72
16.006333	16.141750	83
16.006333	16.258417	81
16.195917	16.395917	69
16.216750	16.333417	83
16.548000	17.020917	64
16.612583	16.904250	84
16.870917	17.048000	69
16.881333	17.160500	91
17.125083	17.427167	88
17.129250	17.285500	72
17.358417	17.437583	69
17.389667	17.685500	84
17.656333	18.152167	65
17.664667	17.914667	81
17.900083	18.045917	69
18.108417	18.252167	72
18.281333	18.456333	79
18.468833	18.658417	69
18.489667	19.129250	81
18.689667	18.864667	72
18.875083	19.052167	69
19.079250	19.291750	72
19.106333	19.393833	79
19.325083	19.950083	65
19.337583	19.943833	81
19.573000	19.723000	69
19.762583	19.998000	72
19.993833	20.220917	77
20.214667	20.464667	81
20.218833	20.452167	72
20.412583	20.625083	69
20.418833	20.656333	83
20.627167	20.841750	84
20.633417	20.770917	65
20.789667	20.945917	69
20.833417	21.139667	86
21.091750	21.423000	88
21.095917	21.966750	64
21.333417	21.475083	67
21.518833	21.683417	72
21.562583	21.712583	79
21.739667	21.939667	86
21.750083	21.904250	76
21.927167	22.120917	72
21.935500	22.477167	88
21.964667	22.177167	79
22.133417	22.329250	67
22.345917	22.523000	76
22.533417	22.737583	72
22.545917	22.779250	86
22.589667	22.681333	79
22.762583	23.123000	88
22.773000	23.081333	64
22.812583	23.039667	79
22.964667	23.131333	67
23.158417	23.366750	72
23.373000	23.587583	76
23.568833	23.758417	72
23.568833	23.791750	88
23.773000	24.031333	89
23.775083	23.895917	67
23.987583	24.202167	88
24.185500	24.556333	89
24.404250	26.435500	67
24.487583	24.737583	86
24.716750	26.218833	74
24.879250	26.254250	77
25.023000	25.106333	79
25.127167	25.223000	83
25.216750	25.262583	86
25.350083	25.575083	91
25.533417	25.798000	98
25.760500	25.845917	103
27.450083	27.889667	60
27.506333	27.614667	64
27.510500	28.212583	69
27.564667	28.148000	45
27.570917	28.033417	72
27.866750	28.168833	52
28.081333	28.179250	57
28.256333	28.454250	71
28.291750	28.381333	60
28.466750	28.908417	72
28.481333	28.839667	60
28.681333	28.912583	57
28.891750	29.377167	52
29.102167	29.423000	71
29.129250	29.333417	60
29.354250	29.802167	45
29.373000	29.666750	72
29.410500	29.491750	60
29.639667	29.835500	52
29.850083	29.968833	57
30.081333	30.304250	71
30.106333	30.250083	60
30.306333	30.573000	64
30.314667	30.612583	72
30.537583	30.839667	57
30.558417	30.820917	79
30.733417	30.952167	64
30.762583	31.056333	76
30.989667	31.062583	60
31.012583	31.383417	72
31.239667	31.858417	53
31.343833	31.718833	69
31.593833	31.787583	57
31.802167	32.008417	60
31.983417	32.227167	67
32.018833	32.210500	65
32.212583	32.398000	60
32.212583	32.875083	69
32.406333	32.589667	57
32.631333	32.814667	60
32.837583	32.981333	57
32.843833	33.073000	67
33.087583	34.060500	53
33.108417	33.643833	69
33.331333	33.510500	57
33.527167	33.779250	60
33.773000	33.968833	65
34.012583	34.339667	69
34.035500	34.262583	60
34.248000	34.475083	57
34.262583	34.566750	71
34.516750	34.856333	72
34.545917	34.670917	52
34.837583	34.962583	50
34.845917	35.277167	74
35.168833	35.666750	48
35.252167	35.687583	76
35.498000	35.691750	55
35.702167	35.770917	60
35.908417	36.091750	64
35.927167	36.162583	67
36.141750	36.666750	76
36.370917	36.591750	60
36.569094	36.756333	64
36.768833	37.004250	67
37.010500	37.308417	76
37.016750	37.787583	60
37.220917	37.368833	64
37.406333	37.608417	67
37.623000	37.818833	72
37.818833	38.018833	67
37.845917	38.112583	76
38.054250	38.212583	64
38.081333	38.348260	77
38.241750	38.433417	60
38.308417	38.537583	76
38.514667	38.908417	77
38.520917	38.583417	64
38.800083	39.662583	55
38.827167	38.975083	57
38.864667	39.143833	74
39.108417	39.575083	62
39.314667	39.570917	65
39.537583	39.825083	67
39.760500	40.256333	71
39.960500	40.185500	65
40.173000	40.435500	62
40.225083	40.714667	72
40.462583	41.358417	55
40.687583	41.154250	74
40.702167	41.062583	67
40.927167	41.143833	62
41.139667	41.362583	65
41.364667	41.537583	62
41.575083	41.689667	65
41.850083	42.425083	71
42.114667	42.514667	74
42.418833	42.843833	83
42.829250	43.477167	64
42.845917	43.256333	84
43.091750	43.473000	69
43.287583	43.512583	72
43.441750	43.683417	83
43.464667	43.606333	76
43.677167	44.273000	64
43.683417	44.023000	84
43.875083	44.156333	69
44.089667	44.329250	72
44.283417	44.487583	83
44.345917	44.416750	76
44.508417	44.916750	84
44.523000	45.064667	64
44.535500	45.037583	76
44.748000	45.043833	69
44.958417	45.116750	72
45.162583	45.520917	83
45.404250	46.154250	64
45.427167	45.625083	84
45.700083	45.900083	69
45.706333	45.891750	91
46.000083	46.193833	91
46.000083	46.279250	72
46.343833	46.529250	69
46.504250	46.729250	88
46.712583	46.958417	91
46.912583	47.210500	53
46.958417	47.564667	93
47.185500	47.339667	60
47.398000	47.491750	69
47.595917	47.866750	91
47.604250	47.893833	65
47.795917	48.006333	72
47.823000	48.320917	93
47.991750	48.166750	69
48.212583	48.306333	77
48.383417	48.631333	91
48.402167	48.566750	81
48.623000	48.820917	84
48.623000	49.314667	93
48.808417	48.968833	81
48.985500	49.118833	84
49.181333	49.229250	81
49.383417	49.548000	77
49.391750	49.662583	93
49.587583	49.752167	72
49.618833	49.739667	91
49.804250	49.885500	65
49.825083	50.127167	91
50.075083	50.435500	88
50.339667	50.618833	52
50.381333	51.045917	91
50.662583	50.750083	60
50.810500	50.904250	67
51.027167	51.341750	64
51.033417	51.245917	89
51.210500	51.423000	72
51.252167	51.781333	91
51.443833	51.718833	67
51.716750	51.906333	76
51.912583	52.162583	90
51.923000	52.116750	72
52.152167	52.320917	67
52.160500	52.723000	91
52.383417	52.575083	72
52.608417	52.795917	67
52.862583	53.179250	64
53.081333	53.310500	72
53.106333	53.339667	91
53.285500	53.481333	67
53.325083	53.612583	93
53.533417	53.635500	76
53.566750	53.854250	91
53.783417	53.850083	67
53.800083	54.152167	93
54.039667	54.420917	59
54.077167	55.945917	91
54.333417	54.512583	67
54.583417	54.664667	74
54.806333	55.141750	71
55.014667	55.208417	79
55.245917	55.445917	74
55.454250	55.631333	83
55.670917	55.862583	79
55.923000	57.383417	86
55.935500	56.081333	83
56.108417	56.266750	79
56.356333	56.418833	74
56.623000	56.798000	71
56.854250	57.093833	67
57.118833	57.345917	62
57.425083	57.743833	67
57.762583	57.827167	62
58.160500	58.664667	45
58.260500	58.691750	72
58.493833	58.683417	52
58.700083	58.825083	57
58.908417	59.164667	71
58.929250	59.120917	60
59.135500	59.770917	72
59.137583	59.356333	64
59.314667	59.535500	60
59.562583	59.883417	57
59.775083	60.006333	64
59.779250	60.056333	71
60.006333	60.200083	60
60.025083	60.248000	72
60.220917	60.412583	64
60.435500	60.562583	69
60.681333	60.929250	72
60.933417	61.181333	76
61.173000	61.410500	72
61.429250	61.714667	76
61.460500	61.860500	81
61.760500	61.945917	72
61.983417	62.029250	69
62.341750	62.491750	81
62.556333	62.962583	41
62.612583	63.327167	81
62.864667	63.048000	48
63.091750	63.200083	57
63.289667	63.745917	53
63.320917	63.516750	79
63.498000	63.710500	60
63.556333	64.120917	81
63.727167	63.914667	57
63.975083	64.058417	65
64.185500	64.345917	69
64.418833	64.570917	72
64.427167	64.733417	81
64.687583	64.848000	77
64.904250	65.081333	72
65.102167	65.277167	69
65.318833	65.606333	81
65.364667	65.510500	72
65.541750	65.710500	69
65.566750	65.843833	83
65.789667	65.856333	65
65.814667	66.048000	84
66.050083	66.373000	86
66.316750	66.575083	40
66.348000	67.295917	84
66.575083	66.733417	48
66.820917	66.883417	55
67.027167	67.450083	52
67.254250	67.466750	60
67.283417	68.104250	79
67.481333	67.583417	55
67.716750	67.785500	67
67.966750	68.391750	64
68.193833	68.433417	72
68.195917	68.683417	79
68.437583	68.664667	67
68.685500	68.868833	76
68.918833	69.081333	72
69.135500	69.398000	79
69.148000	69.308417	67
69.358417	69.425083	64
69.381333	69.620917	81
69.606333	69.850083	79
69.835500	70.139667	81
70.035500	70.370917	47
70.095917	71.325083	79
70.316750	70.508417	55
70.510500	70.616750	62
70.723000	71.248000	59
70.933417	71.170917	67
71.139667	71.356333	62
71.337583	71.706333	74
71.360500	71.502167	71
71.545917	71.739667	67
71.752167	72.152167	79
71.775083	71.964667	71
71.991750	72.175083	67
72.220917	72.339667	62
72.235500	72.587583	83
72.487583	72.673000	71
72.702167	73.283417	79
72.710500	72.885500	67
72.956333	73.150083	62
73.208417	73.262583	59
73.273000	73.545917	83
73.527167	73.758417	79
73.816750	75.495917	45
74.129250	74.418833	52
74.389667	74.660500	57
74.643833	74.883417	52
74.925083	75.233417	57
75.164667	75.606333	60
75.423000	75.645917	52
75.656333	76.123000	64
75.683417	75.820917	57
75.914667	75.966750	52
76.081333	76.298000	57
76.127167	76.333417	60
76.195917	77.008417	41
76.202167	76.675083	65
76.468833	76.852167	48
76.698000	76.895917	53
76.920917	77.116750	57
77.154250	77.848000	60
77.364667	77.535500	53
77.566750	77.764667	48
77.795917	77.862583	41
77.970917	78.141750	55
78.016750	78.637583	60
78.060500	78.912583	64
78.075083	78.127167	35
78.075083	78.510500	36
78.343833	78.518833	43
78.533417	78.627167	48
78.739667	78.920917	52
78.935500	79.475083	62
78.998000	79.175083	55
79.154250	79.316750	52
79.327167	79.373000	48
79.391750	79.931333	60
79.812583	80.102167	31
79.914667	80.412583	59
80.135500	80.214667	43
80.373000	80.516750	47
80.577167	80.685500	50
80.781333	81.812583	55
80.977167	81.166750	50
81.191750	81.323000	43
81.402167	81.479250	50
81.733417	82.368833	45
82.043833	82.275083	52
82.256333	82.531333	57
82.481333	82.618833	52
82.652167	82.881333	60
82.845917	83.058417	52
83.048000	83.233417	64
83.083417	83.145917	60
83.089667	83.162583	57
83.268833	83.335500	45
83.383417	83.631333	57
83.429250	83.610500	60
83.450083	83.743833	65
83.523000	83.879250	41
83.523000	83.948000	69
83.741750	83.906333	48
83.937583	84.008417	53
84.139667	84.306333	57
84.348000	84.806333	67
84.362583	84.535500	60
84.550083	84.706333	57
84.770917	85.223000	65
84.775083	84.837583	53
85.198000	85.962583	48
85.218833	85.700083	67
85.243833	85.641750	64
85.433417	85.602167	55
85.650083	85.839667	60
85.841750	85.993833	55
85.856333	86.018833	72
86.077167	86.127167	60
86.081333	86.270917	79
86.087583	86.281333	76
86.283417	86.491750	72
86.293833	86.400083	64
86.487583	86.756333	81
86.498000	86.600083	67
86.710500	86.929250	72
86.943833	87.406333	55
86.977167	87.308417	79
86.983417	87.316750	74
87.185500	87.304250	59
87.368833	87.531333	62
87.568833	87.629250	67
87.779250	87.918833	71
87.962583	88.181333	74
88.200083	88.337583	79
88.395917	88.558417	74
88.618833	89.202167	69
88.841750	88.975083	72
89.014667	89.254250	81
89.223000	89.375083	72
89.414667	89.833417	84
89.629250	89.829250	76
89.814667	90.129250	88
90.027167	90.077167	72
90.141750	90.248000	81
90.175083	90.337583	84
90.248000	90.566750	89
90.252167	90.845917	65
90.433417	90.598000	69
90.652167	90.839667	72
90.827167	90.902167	77
91.020917	91.493833	79
91.218833	91.350083	77
91.393833	91.548000	72
91.595917	91.652167	69
91.804250	92.081333	60
91.810500	92.241750	88
91.983417	92.131333	67
92.168833	92.227167	72
92.364667	92.506333	76
92.523000	92.906333	86
92.639667	92.843833	79
92.835500	92.943833	76
92.881333	93.289667	84
93.100083	93.145917	72
93.285500	93.608417	86
93.304250	93.683417	67
93.477167	93.648000	74
93.648000	93.787583	71
93.802167	93.931333	74
93.987583	94.229250	79
94.175083	94.354250	74
94.327167	94.723000	83
94.491750	94.556333	71
94.689667	94.879250	69
94.827167	94.956333	72
94.985500	95.170917	81
95.148000	95.291750	76
95.275083	95.473000	84
95.412583	95.556333	72
95.583417	95.650083	76
95.591750	95.729250	88
95.748000	95.870917	81
95.798000	95.931333	84
95.906333	96.129250	93
95.908417	96.091750	65
96.043833	96.166750	72
96.185500	96.289667	77
96.373000	96.525083	81
96.491750	96.835500	91
96.614667	96.795917	84
96.816750	96.902167	81
96.831333	97.243833	89
97.216750	97.500083	91
97.216750	98.466750	67
97.495917	97.762583	74
97.668833	98.241750	79
97.818833	97.964667	83
98.095917	98.285500	84
98.118833	98.164667	83
98.364667	98.545917	74
98.579250	98.643833	71
98.841750	99.018833	67
99.062583	99.258417	62
99.091750	99.210500	84
99.187583	99.320917	83
99.291750	99.360500	79
99.341750	99.552167	55
99.391750	99.441750	74
99.508417	99.593833	72
99.589667	99.731333	71
99.704250	99.818833	67
99.823000	99.864667	62
99.964667	100.066750	60
100.045917	100.160500	59
100.173000	100.304250	55
100.293833	100.420917	50
100.452167	101.004250	31
100.452167	101.023000	43
100.483417	101.025083	55
100.925083	101.423000	59
100.941750	101.123000	50
101.418833	101.670917	45
101.427167	101.700083	33
101.439667	101.608417	60
101.633417	101.702167	52
101.793833	101.900083	57
101.948000	102.064667	59
102.106333	102.379250	60
102.112583	102.306333	52
102.279250	102.343833	45
102.293833	102.370917	33
102.452167	102.506333	45
102.460500	102.518833	33
102.614667	102.725083	59
102.633417	102.683417	52
102.791750	103.289667	60
102.802167	103.145917	52
103.002167	103.077167	45
103.010500	103.106333	33
103.200083	103.287583	45
103.200083	103.323000	33
103.398000	103.602167	59
103.408417	103.535500	52
103.648000	103.716750	52
103.648000	103.741750	60
103.937583	104.131333	67
104.187583	104.458417	67
104.191750	104.318833	45
104.198000	104.316750	33
104.423000	104.629250	64
104.431333	104.518833	33
104.608417	105.152167	60
104.787583	105.118833	41
104.787583	105.135500	29
105.337583	105.406333	41
105.345917	105.439667	29
105.558417	105.683417	59
105.752167	106.379250	60
105.756333	106.214667	57
105.991750	106.041750	41
105.991750	106.052167	29
106.154250	106.216750	41
106.164667	106.210500	29
106.358417	106.573000	59
106.381333	106.441750	57
106.543833	107.070917	57
106.554250	107.029250	60
106.752167	106.879250	41
106.752167	106.895917	29
106.956333	107.060500	41
106.975083	107.079250	29
107.164667	107.452167	59
107.427167	107.985500	41
107.431333	107.689667	60
107.431333	107.983417	29
107.700083	107.850083	62
107.950083	108.191750	64
108.185500	108.512583	65
108.456333	108.650083	36
108.460500	108.614667	48
108.466750	108.770917	64
108.741750	108.860500	36
108.752167	108.831333	48
108.954250	109.048000	48
108.966750	109.066750	36
109.131333	109.391750	60
109.343833	109.798000	64
109.348000	109.593833	72
109.352167	109.479250	36
109.356333	109.435500	48
109.570917	109.641750	48
109.583417	109.668833	36
109.758417	109.866750	48
109.768833	109.885500	36
109.958417	110.143833	60
110.170917	110.341750	48
110.170917	110.543833	72
110.173000	110.368833	36
110.183417	110.462583	64
110.414667	110.527167	48
110.606333	110.716750	48
110.614667	110.727167	36
110.939667	111.052167	48
110.939667	111.085500	36
111.216750	111.485500	72
111.225083	111.718833	48
111.227167	111.795917	36
111.377167	111.562583	71
111.456333	111.564667	69
111.533417	111.627167	67
111.616750	111.739667	65
111.731333	111.895917	64
111.852167	111.945917	62
111.954250	112.027167	60
112.083417	112.327167	59
112.295917	112.587583	57
112.543833	113.195917	55
112.543833	114.162583	31
112.554250	114.125083	43
113.189667	113.408417	50
113.410500	113.545917	55
113.527167	113.579250	59
113.662583	113.716750	62
113.762583	113.885500	67
113.860500	113.914667	71
113.987583	114.160500	74
114.116750	114.264667	79
114.195917	115.552167	86
114.212583	115.977167	83
114.254250	116.081333	31
114.260500	116.060500	43
116.514667	116.943833	33
116.520917	116.856333	45
116.520917	116.966750	88
116.533417	116.727167	84
116.850083	117.058417	84
117.050083	117.216750	81
117.212583	117.356333	29
117.214667	117.431333	88
117.225083	117.360500	41
117.404250	117.562583	84
117.554510	117.687583	81
117.693833	117.816750	48
117.700083	117.902167	36
117.700083	117.902167	88
117.845917	118.039667	84
117.973000	118.083417	81
118.120917	118.262583	31
118.120917	118.343833	86
118.131333	118.279250	43
118.300083	118.500083	83
118.483417	118.606333	79
118.645917	118.858417	88
118.645917	118.866750	36
118.658417	118.789667	48
118.818833	119.000083	84
118.973000	119.112583	81
119.102167	119.216750	45
119.104250	119.293833	33
119.110500	119.300083	88
119.258417	119.414667	84
119.385500	119.514667	81
119.520917	119.745917	88
119.529250	119.754250	29
119.535500	119.752167	41
119.685500	120.002167	84
119.833417	120.008417	81
119.983417	120.404250	31
119.991750	120.418833	43
120.052167	120.335500	86
120.291750	120.527167	83
120.525083	120.748000	79
120.781333	121.139667	45
120.785500	121.187583	33
120.845917	121.087583	84
121.056333	121.248000	81
121.223000	121.391750	76
121.366750	121.573000	29
121.368833	121.589667	41
121.385500	121.558417	84
121.552167	121.720917	81
121.714667	121.833417	76
121.858417	122.077167	31
121.877167	122.031333	83
121.887583	122.095917	43
122.050083	122.233417	79
122.235500	122.416750	74
122.393833	122.606333	35
122.393833	122.620917	47
122.410500	122.587583	83
122.595917	122.779250	79
122.779250	122.912583	74
122.973000	123.285500	48
122.991750	123.370917	36
123.039667	123.316750	84
123.064667	123.123000	83
123.262583	123.487583	79
123.473000	123.595917	76
123.614667	123.839667	29
123.618833	123.833417	84
123.627167	123.852167	41
123.779250	123.964667	81
123.937583	124.095917	77
124.089667	124.293833	84
124.098000	124.237583	36
124.102167	124.189667	48
124.250083	124.423000	79
124.379250	124.489667	76
124.502167	124.679250	84
124.520917	124.568833	41
124.520917	124.652167	29
124.643833	124.777167	81
124.764667	124.848000	77
124.895917	125.137583	84
124.898000	124.973000	24
124.902167	124.989667	36
125.127167	125.350083	79
125.348000	125.587583	76
125.552167	125.791750	84
125.748000	125.925083	79
125.918833	126.104250	76
126.077167	126.358417	84
126.287583	126.506333	79
126.498000	126.768833	76
126.693833	129.010500	31
126.768833	128.870917	43
126.800083	127.056333	83
127.102167	127.323000	84
127.316750	127.479250	83
127.483417	127.606333	84
127.608417	127.739667	83
127.729250	127.948000	84
127.927167	128.170917	83
128.160500	128.429250	84
128.408417	128.691750	83
128.668833	129.187583	81
129.198000	129.714667	83
129.673000	131.929250	24
129.756333	131.945917	36
129.823000	130.002167	72
129.875083	130.052167	76
129.970917	130.618833	84
130.610500	130.781333	83
130.785500	130.906333	81
130.893833	131.004250	79
131.031333	131.143833	77
131.133417	131.256333	76
131.235500	131.320917	74
131.383417	131.429250	72
131.435500	131.593833	71
131.573000	131.706333	69
131.689667	131.775083	67
131.798000	131.933417	65
131.920917	132.039667	64
132.018833	132.141750	62
132.152167	132.237583	60
132.273000	132.414667	59
132.385500	132.568833	57
132.531333	132.660500	55
132.670917	132.823000	53
132.804250	132.950083	52
132.916750	133.043833	50
133.064667	133.137583	48
133.191750	133.335500	47
133.339667	133.498000	45
133.483417	133.625083	43
133.645917	133.864667	41
133.829250	134.041750	40
134.068833	134.393833	38
134.389667	135.548000	36
