2.528583	2.614000	87
2.530667	2.605667	99
2.536917	2.591083	75
2.543167	2.595250	63
3.178583	3.266083	99
3.178583	3.299417	87
3.178583	3.307750	75
3.193167	3.255667	63
3.449417	3.903583	74
3.449417	3.909833	86
3.455667	3.872333	98
3.461917	3.897333	62
4.084833	4.189000	86
4.086917	4.191083	98
4.097333	4.178583	74
4.097333	4.211917	62
4.370250	4.651500	96
4.370250	4.668167	60
4.370250	4.668167	84
4.376500	4.670250	72
4.999417	5.099417	84
5.003583	5.099417	96
5.007750	5.116083	60
5.022333	5.084833	72
5.403583	5.580667	70
5.405667	5.680667	58
5.430667	5.570250	94
5.453583	5.530667	95
6.066083	6.157750	94
6.068167	6.147333	82
6.070250	6.130667	70
6.076500	6.145250	58
6.374417	6.616083	92
6.376500	6.616083	80
6.384833	6.616083	68
6.386917	6.595250	56
6.974417	7.097333	92
6.982750	7.082750	68
6.982750	7.109833	80
6.984833	7.049417	56
7.251500	7.518167	91
7.257750	7.499417	79
7.257750	7.522333	55
7.257750	7.545250	67
7.864000	7.970250	79
7.866083	7.968167	55
7.866083	7.976500	91
7.878583	7.955667	67
8.176500	8.491083	53
8.180667	8.461917	77
8.184833	8.451500	89
8.199417	8.468167	65
8.768167	8.901500	53
8.776500	8.880667	65
8.776500	8.884833	77
8.776500	8.886917	89
9.278583	10.468167	51
9.278583	10.524417	63
9.286917	10.543167	87
9.297333	10.449417	75
11.418167	12.395250	56
11.722333	12.064000	63
11.826500	12.189000	68
11.872333	14.064260	72
11.945250	14.039000	75
11.989000	14.086917	80
12.068167	14.045250	84
14.118167	16.580667	34
14.464000	16.570250	46
14.701500	14.918167	68
14.905667	15.149417	74
15.107750	15.351500	77
15.374417	15.457750	82
18.278583	18.459833	39
18.280667	18.486917	51
18.861917	18.986917	82
18.866083	18.922333	70
19.261917	19.395250	87
19.274417	19.330667	75
19.595250	19.699417	91
19.601500	19.657750	79
19.601500	19.720250	58
19.601500	19.789000	67
19.622333	19.695250	63
19.889000	19.926500	94
19.895250	19.936917	82
20.143167	20.174417	99
20.147333	20.191083	87
20.482750	20.691083	58
20.497333	20.716083	67
20.507750	20.709833	63
20.536917	21.066083	103
20.543167	21.134833	91
21.278583	21.443167	58
21.289000	21.399417	67
21.295250	21.439000	63
21.636917	21.866083	101
21.636917	21.884833	89
22.014000	22.084833	44
22.024417	22.124417	56
22.036917	22.147333	89
22.036917	22.157750	101
22.634833	22.745250	87
22.639000	22.759833	99
22.934833	23.030667	87
22.934833	23.041083	99
22.959833	23.132750	65
22.961917	23.036917	56
23.018167	23.109833	60
23.214000	23.303583	86
23.218167	23.311917	98
23.470250	23.559833	84
23.470250	23.578583	96
23.724417	23.941083	56
23.730667	23.945250	65
23.739000	24.718167	96
23.747333	24.801500	84
23.757750	23.939000	60
24.536917	24.672333	56
24.545250	24.614000	65
24.564000	24.634833	60
25.318167	25.382750	46
25.330667	25.441083	58
25.611917	25.670250	62
25.616083	25.728583	74
25.878583	25.930667	65
25.886917	25.974417	77
26.103583	26.239000	62
26.122333	26.191083	56
26.128583	26.195250	58
26.141083	26.182750	80
26.147333	26.186917	68
26.151500	26.247333	53
26.414000	26.461917	86
26.424417	26.461917	74
26.668167	26.709833	77
26.672333	26.734833	89
26.930667	27.216083	53
26.980667	27.195250	56
27.003583	27.249417	62
27.005667	27.191083	58
27.061917	27.155667	98
27.070250	27.159833	86
27.932750	28.141083	62
27.934833	28.216083	53
27.939000	28.170250	56
27.947333	28.155667	58
28.630667	28.934833	96
28.636917	28.947333	84
29.276500	29.470250	39
29.289000	29.514000	51
29.305667	29.609833	96
29.305667	29.609833	84
30.053583	30.174417	82
30.053583	30.191083	94
30.386917	30.603583	58
30.393167	30.616083	67
30.399417	30.489000	82
30.399417	30.497333	94
30.405667	30.676500	63
30.728583	30.870250	92
30.732750	30.824417	80
31.149417	31.278583	91
31.157750	31.253583	79
31.364000	32.697333	91
31.370250	32.714000	79
31.372333	31.536917	67
31.378583	31.522333	58
31.389000	31.472333	63
32.195250	32.299417	67
32.197333	32.278583	58
32.201500	32.266083	63
32.866083	32.943167	39
32.876500	32.974417	51
33.209833	33.328583	82
33.218167	33.268167	70
33.545250	33.591083	87
33.545250	33.593167	75
33.834833	33.918167	58
33.834833	33.999417	67
33.845250	33.920250	91
33.847333	33.893167	79
33.847333	33.918167	63
34.095250	34.134833	82
34.103583	34.134833	94
34.334833	34.368167	87
34.341083	34.372333	99
34.595250	34.832750	58
34.643167	34.828583	63
34.655667	34.830667	67
34.705667	35.155667	103
34.709833	35.178583	91
35.393167	35.555667	58
35.397333	35.470250	67
35.407750	35.470250	63
35.718167	35.932750	101
35.720250	35.907750	89
36.030667	36.145250	44
36.049417	36.164000	56
36.074417	36.168167	89
36.078583	36.164000	101
36.586917	36.670250	87
36.586917	36.686917	99
36.805667	36.903583	99
36.809833	36.901500	87
36.820250	36.972333	65
36.826500	36.901500	56
36.855667	36.930667	60
37.041083	37.111917	98
37.047333	37.101500	86
37.257750	37.318167	84
37.261917	37.334833	96
37.466083	37.536917	65
37.470250	38.349417	84
37.472333	38.311917	96
37.476500	37.536917	56
37.493167	37.561917	60
38.161917	38.293167	56
38.170250	38.243167	65
38.182750	38.245250	60
38.795250	38.861917	46
38.807750	38.893167	58
39.041083	39.103583	62
39.053583	39.151500	74
39.282750	39.326500	65
39.291083	39.345250	77
39.499417	39.572333	62
39.516083	39.555667	80
39.524417	39.566083	68
39.524417	39.595250	53
39.536917	39.611917	58
39.564000	39.620250	56
39.761917	39.805667	86
39.776500	39.834833	74
40.089000	40.361917	89
40.093167	40.180667	77
40.239000	40.389000	77
40.393167	40.574417	39
40.395250	40.603583	51
40.691083	40.745250	67
40.695250	40.803583	79
40.984833	41.024417	70
40.986917	41.030927	82
41.224417	41.345250	67
41.236917	41.278583	87
41.239000	41.303583	58
41.249417	41.291083	75
41.249417	41.311917	63
41.530667	41.568167	79
41.530667	41.599417	91
41.853583	41.897333	67
41.859833	41.918167	58
41.866083	41.920250	63
41.874417	41.907750	94
41.882750	41.920250	82
42.280667	42.339000	34
42.289000	42.699417	46
42.349417	42.428583	35
42.436917	42.749417	82
42.761917	42.832750	84
42.839000	42.949417	82
42.943167	42.997333	84
43.020250	43.097333	82
43.124417	43.368167	84
43.186917	43.243167	82
43.305667	43.414000	82
43.405667	43.609833	81
43.553583	43.741083	82
43.580667	44.047333	56
43.611917	44.011917	58
43.701500	44.082750	62
43.805667	44.045250	67
43.872333	44.536917	91
44.743167	45.114000	89
45.032750	46.211917	51
45.103583	46.209833	58
45.159833	46.209833	63
45.216083	45.451500	79
45.264000	45.549417	82
45.320250	45.916083	87
47.305667	47.405667	39
47.305667	47.428583	51
47.680667	47.751500	82
47.684833	47.730667	70
48.001500	48.049417	87
48.005667	48.047333	75
48.249417	48.389000	58
48.249417	48.436917	67
48.282750	48.351500	91
48.282750	48.355667	63
48.289000	48.328583	79
48.536917	48.572333	82
48.541083	48.574417	94
48.770250	48.799417	99
48.772333	48.803583	87
49.066083	49.301500	58
49.089000	49.322333	63
49.099417	49.309833	67
49.159833	49.741083	103
49.164000	49.751500	91
49.884833	49.999417	67
49.884833	50.064000	58
49.891083	49.974417	63
50.276500	50.484833	101
50.278583	50.466083	89
50.582750	50.653583	44
50.605667	50.668167	56
50.628583	50.728583	89
50.628583	50.734833	101
51.178583	51.289000	87
51.178583	51.297333	99
51.424417	51.607750	56
51.430667	51.541083	99
51.432750	51.618167	65
51.436917	51.541083	87
51.472333	51.557750	60
51.682750	51.759833	86
51.684833	51.774417	98
51.911917	52.007750	96
51.918167	51.980667	84
52.143167	52.393167	65
52.151500	52.376500	56
52.159833	52.814000	96
52.159833	52.859833	84
52.161917	52.372333	60
52.834833	53.016083	56
52.841083	52.955667	65
52.880667	52.953583	60
53.528583	53.616083	46
53.539000	53.651500	58
53.766083	53.822333	62
53.772333	53.872333	74
54.016083	54.064000	65
54.022333	54.093167	77
54.218167	54.318167	62
54.253583	54.318167	58
54.255667	54.297333	80
54.257750	54.301500	68
54.259833	54.326500	56
54.520250	54.601500	86
54.524417	54.564000	74
54.770250	54.847333	89
54.782750	54.826500	77
54.980667	55.309833	53
55.034833	55.295250	56
55.082750	55.274417	58
55.124417	55.303583	62
55.159833	55.718167	98
55.159833	55.764000	86
55.857750	56.074417	62
55.859833	56.136917	53
55.864000	56.132750	56
55.868167	56.078583	58
56.234833	56.439000	84
56.236917	56.484833	96
56.664000	56.780667	39
56.676500	56.809833	51
56.707750	57.222333	96
56.724417	57.122333	84
57.295250	57.361917	94
57.499417	57.553583	94
57.551500	57.736917	58
57.570250	57.707750	67
57.578583	57.703583	96
57.609833	57.691083	63
57.628583	57.932750	94
57.941083	58.270250	93
58.266083	58.564000	94
58.570250	58.718167	96
58.680667	58.991083	58
58.680667	59.007750	67
58.691083	59.836917	94
58.693167	59.018167	63
59.491083	59.584833	67
59.495250	59.651500	58
59.509833	59.574417	63
60.174417	60.226500	39
60.184833	60.270250	51
60.478583	60.522333	70
60.478583	60.553583	82
60.768167	60.809833	75
60.768167	60.816083	87
61.005667	61.134833	67
61.009833	61.099417	58
61.028583	61.095250	63
61.034833	61.078583	79
61.039000	61.134833	91
61.280667	61.318167	82
61.284833	61.322333	94
61.505667	61.539000	99
61.509833	61.541083	87
61.753583	62.005667	58
61.799417	61.997333	63
61.818167	62.009833	67
61.861917	62.351500	103
61.866083	62.434833	91
62.461917	62.549417	67
62.466083	62.624417	58
62.480667	62.549417	63
62.766083	62.947333	89
62.766083	62.978583	101
63.068167	63.116083	44
63.076500	63.178583	56
63.086917	63.189000	89
63.086917	63.189000	101
63.572333	63.645250	87
63.578583	63.651500	99
63.761917	63.859833	87
63.768167	63.866083	99
63.811917	63.889000	65
63.826500	63.886917	56
63.834833	63.903583	60
63.974417	64.059833	98
63.978583	64.055667	86
64.172333	64.234833	84
64.172333	64.257750	96
64.393167	64.555667	56
64.397333	64.689000	96
64.399417	64.651500	84
64.401500	64.547333	65
64.422333	64.518167	60
64.968167	65.059833	65
64.972333	65.116083	56
65.001500	65.074417	60
65.568167	65.618167	46
65.572333	65.643167	58
65.803583	65.895250	74
65.809833	65.855667	62
66.045250	66.089000	65
66.045250	66.103583	77
66.251500	66.601500	62
66.270250	66.345250	56
66.278583	66.318167	80
66.278583	66.359833	58
66.282750	66.326500	68
66.307750	66.655667	53
66.461917	66.574417	58
66.466083	66.624417	56
66.528583	66.572333	86
66.539000	66.584833	74
66.786917	66.834833	89
66.801500	66.849417	77
67.076500	67.272333	34
67.080667	67.309833	46
67.414000	67.524417	79
67.416083	67.489000	67
67.736917	67.782750	70
67.745250	67.801500	82
68.066083	68.409833	58
68.128583	68.672333	63
68.157750	68.568167	67
68.197333	68.255667	87
68.205667	68.245250	75
68.541083	68.639000	91
68.543167	68.593167	79
68.953583	68.993167	94
68.966083	69.024417	82
69.284833	69.507750	34
69.357750	69.543167	46
69.428583	69.659833	82
69.720250	69.780667	84
69.803583	69.878583	82
69.897333	69.949417	84
69.964000	70.018167	82
70.028583	70.153583	84
70.120250	70.276500	82
70.266083	70.436917	81
70.393167	71.126500	58
70.405667	70.570250	82
70.497333	71.084833	62
70.532750	71.078583	65
70.630667	71.084833	68
70.647333	70.684833	91
71.568167	71.655667	89
71.874417	73.247333	51
71.970250	73.180667	58
71.995250	73.186917	63
72.024417	73.855667	79
72.064000	73.886917	82
72.149417	73.905667	87
74.122333	74.330667	51
74.126500	74.272333	39
74.482750	74.661917	70
74.707750	74.839000	67
74.882750	75.030667	70
75.032750	75.095250	75
75.091083	75.155667	67
75.091083	75.191083	58
75.111917	75.172333	63
75.199417	75.357750	79
75.324417	75.420250	82
75.353583	75.424417	81
75.428583	75.618167	87
75.697333	75.986917	91
75.922333	76.122333	94
76.099417	76.384833	99
76.280667	76.480667	58
76.299417	76.495250	67
76.299417	76.514000	63
76.372333	76.595250	103
77.095250	77.266083	58
77.105667	77.226500	67
77.109833	77.232750	63
77.464000	77.822333	101
77.820250	77.961917	44
77.830667	77.978583	56
77.849417	78.059833	99
78.111917	78.180667	101
78.211917	78.266083	99
78.311917	78.364000	101
78.361917	78.449417	99
78.476500	78.526500	101
78.528583	78.593167	99
78.609833	78.711917	101
78.693167	78.859833	56
78.703583	78.851500	65
78.705667	78.770250	99
78.753583	78.843167	60
78.782750	78.820250	101
78.809833	79.395250	99
79.378583	79.561917	98
79.516083	79.597333	56
79.551500	79.622333	65
79.555667	79.647333	96
79.576500	79.668167	60
80.326500	80.384833	65
80.326500	80.391083	56
80.393167	80.445250	60
81.084833	81.255667	34
81.099417	81.286917	46
81.359833	81.472333	65
81.493167	81.609833	62
81.578583	81.741083	65
81.670250	81.799417	68
81.753583	81.809833	70
81.822333	81.905667	62
81.845250	81.911917	56
81.849417	81.914000	58
81.889000	81.953583	74
81.995250	82.093167	77
82.049417	82.178583	80
82.139000	82.189000	82
82.255667	82.351500	86
82.376500	82.491083	89
82.441083	82.586917	92
82.518167	82.628583	94
82.599417	82.651500	98
82.618167	82.764000	62
82.649417	82.730667	53
82.653583	82.707750	56
82.657750	82.720250	58
83.368167	83.484833	62
83.372333	83.486917	53
83.380667	83.478583	56
83.384833	83.445250	58
83.709833	84.099417	96
84.064000	84.282750	39
84.070250	84.341083	51
84.109833	84.332750	94
84.382750	84.439000	96
84.447333	84.514000	94
84.547333	84.609833	96
84.618167	84.676500	94
84.695250	84.782750	96
84.774417	84.861917	94
84.870250	84.939000	96
84.941083	85.034833	94
84.947333	85.045250	67
84.947333	85.089000	58
84.961917	85.020250	63
85.039000	85.122333	96
85.097333	85.436917	94
85.541083	85.734833	92
85.584833	85.874417	58
85.601500	85.847333	67
85.618167	85.851500	63
85.720250	86.451500	91
86.436917	86.532750	67
86.441083	86.555667	58
86.445250	86.543167	63
87.205667	87.309833	51
87.209833	87.268167	39
87.466083	87.580667	70
87.601500	87.724417	67
87.707750	87.830667	70
87.818167	87.868167	75
87.905667	87.978583	67
87.918167	87.976500	58
87.924417	87.989000	63
87.966083	88.061917	79
88.049417	88.170250	82
88.151500	88.195250	87
88.282750	88.414000	91
88.393167	88.605667	94
88.509833	88.647333	99
88.609833	88.680667	103
88.634833	88.741083	67
88.647333	88.705667	58
88.666083	88.732750	63
89.368167	89.455667	67
89.372333	89.499417	58
89.378583	89.445250	63
89.707750	90.082750	101
90.074417	90.255667	44
90.093167	90.316083	56
90.107750	90.295250	99
90.336917	90.428583	101
90.455667	90.505667	99
90.528583	90.611917	101
90.609833	90.674417	99
90.689000	90.789000	101
90.776500	90.874417	99
90.868167	90.945250	101
90.936917	91.011917	65
90.939000	90.999417	56
90.943167	91.026500	99
90.995250	91.068167	60
91.026500	91.130667	101
91.091083	91.186917	99
91.532750	91.730667	98
91.682750	91.834833	56
91.686917	91.853583	65
91.699417	91.801500	96
91.718167	91.801500	60
92.455667	92.566083	65
92.468167	92.578583	56
92.516083	92.584833	60
93.207750	93.364000	34
93.222333	93.403583	46
93.520250	93.651500	62
93.639000	93.782750	65
93.736917	93.866083	68
93.822333	93.876500	70
93.930667	94.189000	62
93.943167	94.222333	56
93.949417	94.045250	74
93.961917	94.309833	53
93.966083	94.041083	58
94.045250	94.172333	77
94.103583	94.232750	80
94.199417	94.251500	82
94.320250	94.424417	86
94.430667	94.501500	89
94.470250	94.580667	92
94.570250	94.618167	98
94.574417	94.626500	95
94.845250	95.049417	51
94.849417	95.022333	39
95.107750	95.220250	67
95.220250	95.332750	70
95.309833	95.364000	75
95.459833	95.547333	79
95.559833	95.684833	82
95.568167	95.749417	67
95.582750	95.853583	58
95.589000	95.795250	63
95.655667	95.711917	87
95.803583	95.984833	91
95.891083	96.049417	94
95.978583	96.070250	99
96.028583	96.072333	103
96.368167	96.478583	34
96.374417	96.476500	46
96.576500	96.705667	65
96.705667	96.814000	62
96.791083	96.924417	65
96.851500	96.974417	68
96.911917	96.986917	70
97.024417	97.199417	62
97.036917	97.099417	58
97.039000	97.116083	56
97.047333	97.120250	74
97.078583	97.197333	53
97.134833	97.259833	77
97.195250	97.284833	80
97.249417	97.324417	82
97.382750	97.447333	86
97.484833	97.555667	89
97.493167	97.532750	92
97.514000	97.559833	94
97.561917	97.599417	98
98.014000	99.086917	51
98.082750	99.191083	58
98.126500	99.141083	63
98.143167	98.180667	87
98.170250	98.243167	99
99.970250	100.222333	51
99.974417	100.176500	39
100.264000	100.416083	70
100.443167	100.530667	67
100.570250	100.701500	70
100.686917	100.739000	75
100.791083	100.943167	67
100.797333	100.972333	58
100.807750	100.868167	63
100.855667	100.932750	79
100.932750	101.066083	82
101.036917	101.084833	87
101.184833	101.380667	91
101.295250	101.518167	94
101.414000	101.624417	99
101.599417	101.676500	103
101.609833	101.753583	67
101.611917	101.789000	58
101.614000	101.691083	63
102.384833	102.453583	67
102.395250	102.516083	58
102.399417	102.455667	63
102.757750	103.141083	101
103.099417	103.186917	44
103.099417	103.201500	56
103.132750	103.370250	99
103.399417	103.489000	101
103.503583	103.561917	99
103.595250	103.655667	101
103.666083	103.757750	99
103.768167	103.834833	101
103.824417	103.911917	99
103.920250	103.986917	101
103.972333	104.064000	99
104.022333	104.103583	65
104.032750	104.101500	56
104.070250	104.157750	101
104.118167	104.218167	99
104.651500	104.822333	98
104.803583	105.861917	96
104.822333	104.930667	65
104.826500	104.905667	56
104.861917	104.934833	60
105.559833	105.632750	56
105.564000	105.622333	65
105.591083	105.651500	60
106.301500	106.468167	34
106.316083	106.518167	46
106.576500	106.705667	65
106.726500	106.849417	62
106.805667	106.961917	65
106.897333	107.007750	68
106.966083	107.016083	70
107.043167	107.111917	62
107.057750	107.120250	58
107.059833	107.122333	56
107.072333	107.161917	53
107.080667	107.170250	74
107.178583	107.291083	77
107.224417	107.349417	80
107.293167	107.349417	82
107.416083	107.507750	86
107.497333	107.624417	89
107.559833	107.686917	92
107.605667	107.695250	94
107.672333	107.749417	98
107.730667	107.851500	62
107.757750	107.818167	58
107.761917	107.818167	56
107.768167	107.845250	53
108.414000	108.511917	62
108.416083	108.545250	53
108.426500	108.561917	56
108.441083	108.497333	58
108.739000	109.170250	96
109.086917	109.353583	39
109.093167	109.405667	51
109.155667	109.393167	94
109.422333	109.480667	96
109.507750	109.586917	94
109.614000	109.680667	96
109.697333	109.764000	94
109.803583	109.880667	96
109.876500	109.934833	94
109.972333	110.041083	96
110.026500	110.168167	67
110.030667	110.155667	58
110.034833	110.149417	63
110.057750	110.105667	94
110.141083	110.234833	96
110.236917	110.345250	94
110.376500	110.482750	96
110.693167	110.901500	92
110.893167	111.241083	91
110.897333	111.095250	58
110.903583	111.145250	67
110.914000	111.124417	63
111.657750	111.709833	67
111.666083	111.757750	58
111.670250	111.726500	63
112.407750	112.555667	39
112.409833	112.586917	51
112.674417	112.791083	70
112.807750	112.924417	67
112.891083	113.007750	70
112.995250	113.045250	75
113.099417	113.170250	58
113.099417	113.203583	67
113.103583	113.168167	63
113.134833	113.253583	79
113.226500	113.361917	82
113.330667	113.384833	87
113.476500	113.709833	91
113.601500	113.895250	94
113.766083	113.949417	99
113.907750	114.072333	67
113.911917	114.057750	58
113.914000	113.986917	63
113.924417	113.993167	103
114.695250	114.851500	58
114.705667	114.776500	67
114.718167	114.780667	63
115.047333	115.464000	101
115.409833	115.574417	44
115.426500	115.626500	56
115.453583	115.668167	99
115.699417	115.811917	101
115.811917	115.864000	99
115.886917	115.980667	101
115.972333	116.055667	99
116.093167	116.157750	101
116.136917	116.203583	99
116.226500	116.330667	101
116.295250	116.382750	56
116.299417	116.391083	65
116.405667	116.474417	101
116.414000	116.466083	103
116.470250	116.566083	99
116.899417	117.084833	98
117.064000	117.424417	96
117.078583	117.155667	56
117.078583	117.172333	65
117.105667	117.180667	60
117.786917	117.870250	65
117.795250	117.878583	56
117.820250	117.878583	60
118.549417	118.661917	34
118.553583	118.676500	46
118.820250	118.949417	62
118.922333	119.076500	65
119.001500	119.120250	68
119.078583	119.132750	70
119.207750	119.320250	74
119.230667	119.451500	62
119.247333	119.486917	58
119.247333	119.495250	56
119.268167	119.547333	53
119.307750	119.472333	77
119.391083	119.518167	80
119.461917	119.518167	82
119.582750	119.678583	86
119.657750	119.743167	88
119.703583	119.743167	92
119.745250	119.786917	91
119.755667	119.834833	96
120.080667	120.170250	39
120.080667	120.180667	51
120.334833	120.459833	67
120.430667	120.578583	70
120.543167	120.597333	75
120.707750	120.801500	79
120.730667	120.928583	58
120.736917	120.861917	67
120.749417	120.832750	63
120.795250	120.911917	82
120.891083	120.936917	87
121.026500	121.334833	91
121.118167	121.361917	94
121.236917	121.382750	99
121.334833	121.405667	103
121.657750	121.780667	34
121.657750	121.793167	46
121.924417	122.066083	65
122.059833	122.197333	62
122.143167	122.297333	65
122.211917	122.343167	68
122.280667	122.355667	70
122.407750	122.797333	62
122.416083	122.511917	74
122.416083	123.066083	53
122.426500	122.995250	58
122.432750	122.841083	56
122.497333	122.649417	77
122.572333	122.684833	80
122.639000	122.701500	82
122.766083	122.872333	86
122.872333	122.934833	88
122.893167	123.034833	89
122.945250	123.147333	92
123.024417	123.172333	94
123.130667	123.197333	98
123.786917	125.014000	51
124.111917	124.997333	55
124.189000	124.936917	58
124.293167	124.916083	63
124.355667	124.436917	87
124.420250	124.491083	99
