2.678300	2.732467	47
3.240800	3.344967	54
3.755383	3.855383	59
4.294967	4.353300	54
4.847050	4.911633	43
5.390800	5.459550	50
5.909550	5.965800	55
6.469967	6.544967	50
6.999133	7.101217	45
7.536633	7.630383	52
8.124133	8.230383	57
8.628300	8.690800	52
9.169967	9.282467	50
9.730383	9.801217	57
10.286633	10.374133	62
10.857467	10.928300	57
11.394967	11.478300	47
11.938717	12.019967	54
12.499133	12.603300	59
13.097050	13.165800	54
13.651217	13.749133	43
14.232467	14.305383	50
14.803300	14.884550	55
15.361633	15.411633	50
15.942883	16.040800	45
16.455383	16.511633	52
17.007467	17.065800	57
17.517883	17.569967	52
18.074133	18.140800	50
18.590800	18.678300	57
19.147050	19.251217	62
19.147050	19.257467	69
19.390800	19.453300	74
19.649133	19.742883	76
19.653300	19.705383	57
19.890800	19.988717	78
20.172050	20.655383	76
20.172050	20.661633	47
20.638717	20.730383	54
20.642883	20.740800	74
20.853300	22.126217	74
21.138717	21.222050	59
21.663717	21.713717	54
22.176217	22.678300	43
22.657467	22.726217	50
23.161633	23.253300	69
23.167883	23.234550	55
23.394967	23.455383	74
23.659550	23.722050	50
23.659550	23.749133	76
23.872050	23.969967	78
24.138717	24.644967	45
24.153300	24.640800	76
24.615800	24.697050	52
24.622050	24.726217	74
24.869967	25.030383	76
25.084550	25.169967	57
25.334550	25.430383	78
25.584550	25.640800	52
25.853300	26.159550	78
26.092883	26.572050	50
26.540800	26.619967	57
27.009550	27.117883	69
27.019967	27.109550	62
27.249133	27.319967	74
27.474133	27.528300	57
27.490800	27.559550	76
27.694967	27.765800	78
27.976217	28.459550	76
27.976217	28.478300	47
28.449133	28.538717	54
28.459550	28.544967	74
28.667883	29.911633	74
28.934550	28.990800	59
29.403300	29.457467	54
29.903300	30.405383	43
30.380383	30.436633	50
30.872050	30.969967	69
30.874133	30.932467	55
31.094967	31.149133	74
31.324133	31.390800	50
31.324133	31.399133	76
31.536633	31.628300	78
31.817883	32.303300	45
31.826217	32.311633	76
32.280383	32.361633	52
32.297050	32.405383	74
32.526217	32.638717	76
32.719967	32.819967	57
32.972050	33.122050	81
33.199133	33.265800	52
33.447050	33.913717	78
33.699133	34.203300	50
34.165800	34.632467	57
34.584550	34.676217	66
34.586633	34.678300	78
34.601217	35.128300	62
35.076217	35.176217	57
35.078300	35.165800	67
35.078300	35.165800	79
35.103300	35.165800	69
35.551217	35.636633	69
35.551217	36.059550	45
35.565800	35.653300	73
35.565800	35.667883	81
35.572050	35.628300	76
36.005383	36.101217	69
36.009550	36.107467	81
36.015800	36.534550	52
36.019967	36.119967	73
36.036633	36.082467	76
36.232467	36.540800	73
36.236633	36.553300	69
36.240800	36.580383	81
36.244967	36.532467	76
36.507467	37.005383	57
36.944967	37.051217	69
36.951217	37.063717	73
36.951217	37.380383	52
36.961633	37.122050	81
36.967883	37.044967	76
37.484550	37.592883	71
37.484550	37.636633	81
37.522050	37.732467	41
37.528300	38.007467	43
37.965800	38.480383	50
37.976217	38.084550	78
37.982467	38.072050	71
38.217883	38.519967	71
38.228300	38.515800	74
38.442883	38.944967	55
38.876217	39.097050	78
38.886633	38.990800	50
39.101217	39.219967	79
39.372050	39.830383	42
39.384550	39.509550	81
39.390800	39.480383	69
39.394967	39.501217	73
39.830383	39.909550	69
39.830383	39.932467	73
39.830383	40.330383	48
39.842883	39.909550	81
40.049133	40.388717	69
40.053300	40.382467	73
40.053300	40.407467	81
40.338717	40.799133	54
40.767883	40.888717	69
40.767883	40.899133	73
40.769967	40.867883	48
40.788717	40.934550	81
41.219967	41.722050	47
41.249133	41.347050	69
41.253300	41.344967	81
41.686633	41.792883	69
41.688717	41.801217	78
41.692883	42.149133	54
41.924133	42.249133	69
41.938717	42.274133	74
42.174394	42.634550	59
42.576217	42.682467	54
42.580383	42.759550	71
42.586633	42.836633	74
42.815800	43.134550	76
43.080383	43.580383	40
43.084550	43.184550	68
43.101217	43.222050	78
43.117883	43.167883	74
43.540800	43.636633	68
43.540800	44.038717	47
43.561633	43.636633	78
43.578300	43.630383	74
43.774133	44.038717	68
43.782467	44.053300	78
43.797050	44.036633	74
44.007467	44.499133	52
44.428300	44.509550	68
44.436633	44.538717	47
44.442883	44.544967	78
44.457467	44.505383	74
44.899133	45.338717	71
44.907467	45.374133	43
44.911633	45.328300	74
44.911633	45.363717	78
45.357467	45.472050	83
45.357467	45.809550	50
45.765800	45.951217	83
45.780383	46.224133	55
45.919967	46.026217	76
46.015800	46.184550	78
46.140800	46.282467	76
46.178300	46.726217	50
46.244967	46.753300	74
46.699133	47.261633	76
46.705383	47.236633	45
47.205383	47.678300	52
47.649133	47.738717	67
47.649133	48.186633	57
47.659550	47.732467	71
47.659550	47.747050	76
48.107467	48.157467	67
48.107467	48.205383	71
48.111633	48.482467	52
48.117883	48.172050	76
48.349133	48.805383	67
48.353300	48.869967	76
48.363717	48.849133	71
49.111633	49.613717	69
49.124133	49.607467	45
49.128300	49.276217	73
49.132467	49.634550	76
49.569967	49.665800	73
49.574133	50.094967	52
50.061633	50.159550	69
50.063717	50.176217	57
50.286633	50.380383	74
50.551217	50.630383	52
50.559550	50.628300	76
50.772050	50.878300	78
51.063717	51.526217	47
51.069967	51.524133	76
51.492883	51.590800	54
51.503300	51.586633	74
51.699133	52.855383	74
51.976217	52.038717	59
52.440800	52.494967	54
52.924133	53.444967	43
53.407467	53.482467	50
53.859550	53.961633	69
53.865800	53.928300	55
54.086633	54.178300	74
54.330383	54.390800	50
54.349133	54.438717	76
54.580383	54.680383	78
54.794967	55.290800	45
54.828300	55.294967	76
55.257467	55.326217	52
55.263717	55.372050	74
55.519967	55.676217	76
55.719967	55.824133	57
55.972050	56.057467	78
56.186633	56.244967	52
56.444967	56.736633	78
56.672050	57.172050	50
57.130383	57.201217	57
57.580383	57.692883	69
57.590800	57.659550	62
57.813717	57.915800	74
58.057467	58.105383	57
58.069967	58.138717	76
58.288717	58.361633	78
58.511633	59.026217	47
58.538717	59.022050	76
58.988717	59.074133	54
58.994967	59.082467	74
59.186633	60.392883	74
59.457467	59.528300	59
59.915800	59.955383	54
60.376217	60.890800	43
60.863717	60.940800	50
61.334550	61.399133	55
61.334550	61.430383	69
61.563717	61.657467	74
61.797050	61.857467	50
61.805383	61.886633	76
62.024133	62.115800	78
62.265800	62.772050	45
62.276217	62.772050	76
62.747050	62.811633	52
62.755383	62.836633	74
62.969967	63.180383	76
63.192883	63.284550	57
63.432467	63.559550	81
63.647050	63.719967	52
63.899133	64.369967	78
64.140800	64.634550	50
64.607467	65.088717	57
65.044967	65.128300	78
65.044967	65.130383	66
65.065800	65.569967	62
65.513717	65.590800	67
65.519967	65.605383	79
65.526217	65.613717	57
65.974133	66.057467	69
65.980383	66.074133	81
65.982467	66.063717	73
65.992883	66.038717	76
66.001217	66.472050	45
66.001217	66.472050	43
66.463717	66.963717	52
66.469967	66.555383	69
66.478300	66.547050	81
66.482467	66.555383	73
66.490800	66.536633	76
66.697050	67.003300	69
66.703300	67.007467	81
66.711633	66.982467	73
66.726217	66.982467	76
66.940800	67.455383	57
67.374133	67.522050	52
67.378300	67.517883	69
67.386633	67.544967	73
67.390800	67.611633	81
67.405383	67.530383	76
67.913717	68.442883	42
67.922050	68.028300	71
67.922050	68.099133	81
68.382467	69.522050	49
68.397050	68.507467	78
68.401217	68.499133	71
68.655383	69.101217	71
68.661633	69.099133	74
69.453300	69.665800	78
69.694967	69.926217	79
70.265800	70.730383	42
70.272050	70.357467	69
70.272050	70.359550	81
70.272050	70.365800	73
70.730383	70.782467	69
70.730383	70.824133	73
70.730383	71.244967	48
70.740800	70.797050	81
70.974133	71.242883	69
70.974133	71.274133	81
70.976217	71.265800	73
71.205383	71.686633	54
71.640800	71.774133	73
71.647050	71.747050	69
71.649133	71.730383	48
71.649133	71.801217	81
72.140800	73.878300	45
72.144967	72.257467	69
72.149133	72.269967	81
72.644967	72.738717	69
72.644967	72.747050	78
72.867883	73.415800	69
72.874133	73.486633	74
73.847050	74.151217	71
73.853300	74.155383	74
74.122050	74.665800	76
74.769967	75.276477	40
74.790800	74.853300	68
74.803300	74.897050	78
74.822050	74.878300	74
75.251217	75.751217	47
75.261633	75.322050	68
75.276217	75.344967	78
75.288717	75.344967	74
75.494967	75.790800	68
75.499133	75.788717	78
75.519967	75.805383	74
75.730383	76.240800	52
76.157467	76.253300	68
76.165800	76.290800	47
76.172050	76.290800	78
76.184550	76.240800	74
76.651217	77.063717	78
76.653300	77.030383	69
76.661633	79.097050	45
76.663717	77.040800	74
77.472050	78.011633	83
78.157467	78.288717	76
78.307467	78.424133	78
78.401217	78.592883	76
78.551217	79.153300	74
79.101217	79.647050	71
79.607467	80.090800	74
79.619967	80.128300	50
80.101217	80.624133	57
80.607467	81.157467	64
80.611633	81.113717	62
81.082467	81.719967	69
81.090800	81.674133	57
81.649133	82.230383	50
81.665800	83.488717	66
82.197050	82.834550	57
82.834550	83.405383	59
83.419967	84.163717	53
83.440800	83.509550	52
84.553300	85.101217	59
84.563717	85.094967	43
84.580383	85.134550	62
84.655383	85.138717	66
85.072050	85.567883	50
85.536633	86.086633	62
85.549133	86.099133	59
85.555383	86.063717	55
86.026217	86.559550	50
86.049133	86.540800	66
86.538717	87.205383	61
86.542883	87.111633	59
86.542883	87.436633	64
86.547050	87.032467	45
87.019967	87.549133	52
87.536633	88.086633	57
88.011633	88.144967	52
88.401217	88.592883	62
88.461633	89.090800	66
88.480383	89.061633	50
88.555383	89.088717	69
89.007467	89.509550	57
89.499133	90.034550	66
89.503300	90.057467	62
89.513717	89.982467	69
90.009550	90.334550	57
90.026217	90.328300	64
90.282467	90.692883	62
90.915800	91.059550	62
90.961633	91.507467	47
90.965800	91.134550	64
91.026217	91.561633	66
91.076217	91.553300	69
91.465800	91.976217	54
91.963717	92.563717	59
91.974133	92.532467	66
91.976217	92.511633	69
92.482467	92.661633	54
92.494967	92.792883	64
92.765800	92.894967	62
93.030383	93.138717	62
93.047050	93.540800	43
93.057467	93.209550	64
93.117883	93.605383	66
93.144967	93.619967	69
93.526217	94.009550	50
93.976217	94.501217	69
93.984550	94.538717	66
94.001217	94.522050	55
94.486633	94.699133	64
94.486633	95.036633	50
94.701217	95.090800	62
95.017883	96.151217	61
95.019967	95.540800	45
95.038717	96.151217	64
95.524133	96.074133	52
96.074133	96.615800	57
96.565800	97.384550	52
100.015800	100.617883	52
100.019967	100.644967	62
100.024133	100.584550	81
100.034550	100.659550	55
100.042883	100.153300	79
100.053300	100.659550	59
100.315800	100.659550	69
100.586633	100.897050	74
100.867883	101.178300	76
101.167883	101.515800	81
101.447050	101.717883	76
101.692883	101.994967	74
101.976217	102.253300	69
102.219967	102.940800	50
102.219967	102.953300	62
102.232467	102.663717	81
102.240800	102.955383	53
102.255383	102.924133	57
102.482467	102.801217	69
102.767883	103.103300	74
103.065800	103.351217	76
103.330383	103.661633	81
103.609550	103.863717	76
103.842883	104.132467	74
104.117883	104.428300	69
104.376217	105.111633	52
104.382467	104.711633	81
104.384550	105.151217	62
104.394967	105.149133	55
104.405383	105.157467	57
104.619967	104.944967	69
104.901217	105.192883	74
105.172050	105.417883	76
105.411633	105.694967	81
105.432467	106.126217	52
105.432467	106.147050	62
105.432467	106.163717	57
105.436633	106.124133	55
105.644967	105.930383	76
105.905383	106.178300	74
106.176217	107.294967	69
107.274133	107.626217	81
107.301217	107.897050	62
107.305383	107.842883	53
107.305383	107.863717	57
107.526217	107.815800	69
107.786633	108.069967	74
108.042883	108.305383	76
108.280383	108.819967	62
108.284550	108.599133	81
108.288717	108.886633	57
108.292883	108.892883	53
108.540800	108.838717	76
108.826217	109.094967	74
109.078300	109.880383	69
109.911633	110.555383	62
109.922050	110.488717	59
109.924133	110.549133	57
109.934550	110.282467	81
110.197050	110.511633	69
110.467883	110.776217	74
110.759550	111.030383	76
111.001217	111.467883	62
111.003300	111.513717	55
111.013717	111.297050	81
111.017883	111.505383	57
111.280383	111.528300	76
111.557467	111.859550	69
111.811633	112.084550	74
112.113717	112.386633	81
112.115800	112.309550	62
112.117883	112.288717	50
112.140800	112.330383	53
112.140800	112.330383	57
112.353300	112.636633	69
112.626217	112.930383	74
112.672050	112.751217	50
112.676217	112.740800	62
112.688717	112.763717	57
112.717883	112.780383	53
112.903300	113.167883	76
113.138717	113.190800	62
113.151217	113.413717	81
113.159550	113.217883	53
113.159550	113.222050	50
113.163717	113.215800	57
113.388717	113.672050	76
113.634550	113.717883	50
113.640800	113.705383	62
113.647050	113.709550	53
113.647050	113.882467	74
113.655383	113.709550	57
113.869967	114.186633	69
114.140800	114.199133	62
114.144967	114.207467	52
114.155383	114.447050	81
114.157467	114.213717	57
114.161633	114.211633	55
114.386633	114.682467	69
114.653300	114.711633	62
114.653300	114.724133	52
114.653300	114.951217	74
114.674133	114.726217	55
114.674133	114.728300	57
114.915800	115.180383	76
115.153300	115.211633	62
115.161633	115.219967	52
115.161633	115.230383	57
115.161633	115.436633	81
115.172050	115.219967	55
115.397050	115.682467	76
115.665800	115.890800	74
115.672050	115.730383	62
115.678300	115.765800	57
115.682467	115.744967	52
115.688717	115.742883	55
115.869967	116.176217	69
116.134550	116.197050	62
116.138717	116.424133	81
116.142883	116.217883	57
116.144967	116.217883	53
116.372050	116.655383	69
116.630383	116.692883	62
116.636633	116.711633	57
116.636633	116.919967	74
116.674133	116.732467	53
116.888717	117.157467	76
117.136633	117.203300	62
117.144967	117.217883	53
117.144967	117.228300	57
117.144967	117.397050	81
117.374133	117.632467	76
117.626217	117.865800	74
117.636633	117.738717	53
117.640800	117.697050	62
117.647050	117.707467	57
117.863717	118.182467	69
118.109550	118.644967	57
118.109550	118.663717	62
118.119967	118.486633	81
118.119967	118.642883	55
118.376217	118.692883	69
118.640800	118.944967	74
118.865800	119.199133	62
118.869967	119.209550	57
118.869967	119.224133	53
118.888717	119.178300	76
119.142883	119.526217	81
119.409550	119.738717	69
119.682467	120.838717	52
119.688717	120.853300	62
119.692883	120.353300	74
119.701217	120.832467	55
119.705383	120.869967	57
120.303300	120.911633	81
121.269967	121.588717	81
121.278300	121.903300	62
121.288717	121.905383	53
121.297050	121.878300	57
121.492883	121.772050	69
121.765800	122.053300	74
122.019967	122.294967	76
122.257467	122.913717	62
122.276217	122.586633	81
122.276217	122.930383	57
122.276217	122.934550	55
122.519967	122.822050	76
122.801217	123.063717	74
123.044967	123.351217	69
123.286633	123.994967	62
123.292883	123.967883	53
123.301217	123.959550	57
123.315800	123.682467	81
123.547050	123.828300	69
123.809550	124.103300	74
124.067883	124.347050	76
124.294967	124.711633	62
124.311633	124.738717	57
124.319967	124.628300	81
124.347050	124.757467	55
124.357467	124.426217	53
124.572050	124.819967	76
124.803300	125.080383	74
125.063717	125.361633	69
125.317883	125.965800	62
125.322050	125.932467	57
125.322050	125.953300	53
125.328300	125.647050	81
125.555383	125.863717	69
125.824133	126.126217	74
126.084550	126.372050	76
126.315800	126.880383	62
126.328300	126.899133	55
126.338717	126.899133	57
126.342883	126.663717	81
126.586633	126.872050	76
126.836633	127.113717	74
127.076217	127.590800	69
128.417883	128.936633	86
128.436633	129.057467	67
128.442883	129.032467	55
128.455383	129.049133	59
128.463717	129.044967	62
128.678300	129.022050	74
128.957467	129.253300	79
129.215800	129.488717	81
129.440800	130.094967	67
129.451217	130.015800	55
129.457467	129.801217	86
129.457467	130.065800	59
129.461633	130.065800	62
129.711633	130.038717	81
129.984550	130.236633	79
130.236633	130.538717	74
130.480383	131.105383	57
130.480383	131.126217	67
130.492883	130.853300	86
130.501217	131.105383	62
130.501217	131.107467	60
130.757467	131.051217	74
131.007467	131.326217	79
131.274133	131.540800	81
131.494967	131.811633	86
131.494967	131.961633	57
131.499133	132.063717	67
131.511633	132.055383	60
131.511633	132.072050	62
131.740800	132.057467	81
132.001217	132.263717	79
132.251217	132.561633	74
132.509550	133.163717	67
132.513717	133.117883	59
132.517883	132.838717	86
132.524133	133.151217	62
132.757467	133.069967	74
133.028300	133.324133	79
133.265800	133.542883	81
133.517883	133.828300	86
133.517883	134.186633	67
133.526217	134.119967	59
133.528300	134.124133	62
133.763717	134.053300	81
134.032467	134.292883	79
134.269967	134.584550	74
134.519967	135.053300	67
134.536633	135.065800	62
134.542883	135.067883	60
134.549133	134.915800	86
134.801217	135.092883	74
135.061633	135.367883	79
135.292883	135.651217	67
135.303300	135.665800	62
135.307467	135.674133	59
135.315800	135.607467	81
135.569967	135.911633	86
135.834550	136.165800	81
136.101217	136.419967	79
136.103300	136.305383	67
136.113717	136.342883	60
136.132467	136.317883	62
136.142883	136.290800	57
136.378300	136.715800	74
136.690800	136.805383	55
136.697050	137.005383	86
136.701217	136.805383	67
136.701217	136.813717	62
136.719967	136.797050	59
136.934550	137.236633	74
137.174133	137.274133	67
137.184550	137.242883	55
137.186633	137.267883	62
137.186633	137.274133	59
137.199133	137.490800	79
137.438717	137.726217	81
137.690800	137.778300	67
137.692883	137.965800	86
137.703300	137.786633	55
137.715800	137.769967	62
137.719967	137.769967	59
137.919967	138.236633	81
138.176217	138.284550	55
138.182467	138.244967	67
138.190800	138.255383	62
138.192883	138.447050	79
138.194967	138.253300	59
138.432467	138.726217	74
138.684550	138.780383	67
138.699133	138.790800	60
138.703300	138.763717	57
138.703300	138.794967	62
138.705383	138.974133	86
138.932467	139.219967	74
139.186633	139.255383	67
139.190800	139.459550	79
139.194967	139.257467	57
139.194967	139.267883	62
139.203300	139.257467	60
139.428300	139.690800	81
139.663717	139.917883	86
139.667883	139.751217	67
139.674133	139.759550	57
139.686633	139.749133	62
139.688717	139.749133	60
139.882467	140.182467	81
140.140800	140.213717	67
140.140800	140.384550	79
140.147050	140.253300	62
140.155383	140.215800	60
140.165800	140.238717	57
140.376217	140.653300	74
140.613717	140.684550	67
140.624133	140.699133	59
140.624133	140.699133	62
140.628300	140.930383	86
140.861633	141.159550	74
141.122050	141.190800	67
141.128300	141.207467	62
141.128300	141.407467	79
141.132467	141.190800	59
141.374133	141.653300	81
141.628300	141.713717	67
141.628300	141.888717	86
141.638717	141.713717	62
141.642883	141.724133	59
141.840800	142.151217	81
142.086633	142.153300	67
142.092883	142.167883	59
142.092883	142.178300	62
142.107467	142.355383	79
142.342883	142.632467	74
142.586633	143.015800	67
142.594967	143.019967	62
142.605383	142.924133	86
142.611633	143.038717	60
142.851217	143.134550	74
143.101217	143.403300	79
143.330383	143.738717	67
143.340800	143.736633	62
143.342883	143.726217	59
143.353300	143.659550	81
143.624133	143.965800	86
143.892883	144.219967	81
144.149133	144.834550	67
144.151217	144.930383	57
144.159550	144.426217	79
144.165800	144.913717	60
144.172050	144.894967	62
144.405383	144.807467	74
145.524133	146.074133	38
145.532467	145.913717	81
145.788717	146.101217	69
146.063717	146.613717	45
146.069967	146.355383	74
146.326217	146.632467	76
146.605383	147.184550	50
146.607467	146.949133	81
146.867883	147.167883	76
147.126217	147.219967	52
147.138717	147.442883	74
147.405383	147.711633	69
147.672050	148.169967	40
147.678300	148.186633	81
147.915800	148.234550	69
148.180383	148.730383	52
148.207467	148.503300	74
148.463717	148.726217	76
148.682467	149.226217	54
148.705383	149.001217	81
148.947050	149.236633	76
149.199133	149.311633	57
149.203300	149.492883	74
149.469967	149.780383	69
149.740800	150.253300	42
149.759550	150.294967	81
149.997050	150.315800	69
150.242883	150.778300	54
150.290800	150.569967	74
150.530383	150.809550	76
150.780383	151.063717	81
150.792883	151.303300	57
151.026217	151.365800	76
151.303300	151.582467	62
151.315800	151.636633	74
151.590800	152.138717	69
152.078300	152.488717	81
152.086633	152.517883	43
152.086633	152.530383	55
152.361633	152.707467	69
152.657467	152.972050	74
152.901217	153.186633	54
152.911633	153.190800	42
152.926217	153.217883	76
153.184550	153.526217	81
153.463717	153.769967	76
153.709550	154.009550	52
153.713717	154.057467	74
153.713717	154.057467	40
153.990800	154.780383	69
154.724133	155.253300	38
154.742883	155.226217	81
154.978300	155.276217	69
155.238717	155.726217	45
155.253300	155.549133	74
155.517883	155.786633	76
155.765800	156.569967	50
155.767883	156.059550	81
156.017883	156.319967	76
156.288717	156.707467	74
156.653300	157.269967	69
157.236633	157.547050	81
157.251217	157.734550	40
157.490800	157.792883	69
157.757467	158.257467	52
157.772050	158.053300	74
158.017883	158.294967	76
158.249133	158.801217	55
158.274133	158.574133	81
158.513717	158.811633	76
158.769967	158.878300	57
158.778300	159.057467	74
159.024133	159.334550	69
159.288717	159.763717	42
159.301217	159.792883	81
159.538717	159.844967	69
159.784550	160.259550	54
159.817883	160.084550	74
160.067883	160.334550	76
160.309550	160.601217	81
160.309550	160.674133	57
160.561633	160.874133	76
160.828300	161.132467	74
160.834550	169.799133	62
161.090800	161.749133	69
162.053300	162.122050	69
162.053300	162.151217	81
162.061633	162.161633	73
162.067883	162.136633	76
162.544967	162.615800	69
162.549133	162.663717	73
162.563717	162.653300	76
162.567883	162.626217	81
162.807467	163.811633	69
162.807467	163.813717	73
162.815800	163.799133	81
162.822050	163.836633	76
164.151217	164.261633	71
164.153300	164.299133	81
164.634550	164.803300	78
164.649133	164.759550	71
164.922050	165.838717	74
164.930383	165.836633	71
165.792883	166.069967	78
166.059550	166.169967	79
166.328300	166.415800	69
166.328300	166.428300	73
166.334550	166.436633	81
166.809550	166.882467	69
166.819967	166.905383	81
166.819967	166.930383	73
167.057467	167.544967	73
167.063717	167.503300	81
167.063717	167.517883	69
167.909550	170.565800	73
167.917883	170.953300	69
167.926217	170.665800	81
