5.537000	5.728667	53
5.545333	5.726583	60
6.009917	6.097417	65
6.014083	6.126583	60
7.397417	7.487000	53
7.434917	7.522417	60
7.899500	7.951583	65
7.922417	7.968250	60
9.105750	9.180750	60
9.105750	9.228667	53
9.630750	9.724500	65
9.649500	9.743250	60
10.153667	10.289083	60
10.162000	10.428667	53
10.970333	14.093250	65
10.980750	13.697417	60
12.782833	13.299500	46
13.399500	14.095333	53
13.801583	14.203667	56
14.170333	14.818250	60
14.193250	14.330750	62
14.249500	14.859917	67
14.732833	15.172417	58
15.297417	15.868250	67
15.718250	16.116167	39
15.803667	16.293250	63
16.207833	16.547417	46
16.564083	16.845333	51
16.870333	17.034917	55
16.874500	17.474500	75
17.232833	17.472417	58
17.545333	17.701583	63
17.703667	17.920333	74
17.914083	18.295333	60
17.916167	18.555750	67
17.918250	18.822417	72
18.255750	18.457833	63
18.584917	18.678667	53
18.907833	19.416167	63
18.993250	19.482833	74
18.995333	19.597417	69
19.330750	19.564083	67
19.705750	19.809917	65
19.809917	20.330750	74
20.226583	20.549500	46
20.295333	20.666167	70
20.634917	20.937000	53
20.941167	21.309917	58
21.324500	21.455750	62
21.332833	22.043250	82
21.739083	22.230750	65
22.157833	22.264083	70
22.207833	22.368250	82
22.668250	23.168250	82
22.674500	23.020333	60
23.034917	23.109917	63
23.347417	23.528667	80
23.347417	23.651583	51
23.828667	24.132833	80
24.199500	24.309917	58
24.199500	24.745333	79
24.580750	24.645333	62
24.789083	24.928667	78
25.274500	26.103667	78
25.689083	25.737000	62
26.041167	26.403667	51
26.066167	26.432833	80
26.422417	26.709917	56
26.782833	27.116167	60
26.834917	27.453667	80
27.176583	27.432833	67
27.505750	27.876583	77
27.887000	28.114083	56
27.901583	28.591167	79
28.234917	28.289083	60
28.537000	28.872417	50
28.580750	29.070333	77
28.905750	29.159917	55
29.199500	29.459917	59
29.218250	29.332833	79
29.572417	29.655750	67
29.797417	30.016167	74
30.028667	30.339083	55
30.053667	30.382833	77
30.357833	30.707833	75
30.384917	30.687000	60
30.714083	30.982833	74
30.716167	31.030750	48
31.024500	31.147417	72
31.045333	31.570333	53
31.182833	31.341167	74
31.355750	31.555750	72
31.562000	31.832833	71
31.572417	32.241167	56
31.859917	32.172417	72
32.105750	32.193250	63
32.164083	32.472417	74
32.474500	32.518250	75
32.818250	33.420333	60
32.868250	33.301583	53
32.909917	33.987000	65
33.257833	33.422417	56
33.584917	33.634917	46
33.920333	34.482833	56
34.018250	34.539083	67
34.024500	34.657833	62
34.387000	34.580750	60
34.737000	34.845333	58
34.801583	35.280750	67
35.193250	35.503667	39
35.262000	35.639083	63
35.603667	35.920333	46
35.914083	36.207833	51
36.230750	36.807833	75
36.234917	36.372417	55
36.568250	36.795333	58
36.889083	37.068250	63
37.055750	37.257833	74
37.230750	37.593250	60
37.274500	38.166167	72
37.295333	38.095333	69
37.562000	37.722417	63
37.884917	37.939083	53
38.166167	38.670333	63
38.262000	38.699500	74
38.595333	38.687000	69
38.595333	38.807833	67
38.962000	39.020333	65
38.978667	39.757833	74
39.614083	39.957833	70
40.047417	40.401583	46
40.157833	40.566167	70
40.478667	40.887000	53
40.799500	41.095333	58
41.097417	41.170333	62
41.097417	41.530750	82
41.432833	41.764083	65
41.787000	41.847417	70
41.899500	42.059917	82
42.264083	42.528667	60
42.291167	42.645333	82
42.564083	42.716167	63
42.853667	43.191167	51
42.864083	43.020333	80
43.264083	43.464083	80
43.282833	43.466167	56
43.853667	44.118250	60
43.874500	44.307833	82
44.187000	44.345333	63
44.501583	44.591167	80
44.520333	44.589083	58
44.845333	45.132833	58
44.851583	45.139083	80
45.174500	45.459917	79
45.189083	45.357833	62
45.464083	45.549500	68
45.493250	45.641167	78
45.789083	45.978667	58
45.795333	46.449500	78
46.103667	46.153667	62
46.387000	46.712000	51
46.424500	46.982833	79
46.714083	46.916167	56
46.984917	47.357833	60
46.993250	47.268250	80
47.245333	47.432833	67
47.484917	47.724500	77
47.755750	48.124500	56
47.820333	48.430750	79
48.128667	48.182833	60
48.403667	48.757833	50
48.451583	48.795333	77
48.743250	49.026583	55
49.037000	49.462000	59
49.047417	49.172417	79
49.366167	49.441167	65
49.568250	49.749500	74
49.795333	50.153667	55
49.801583	50.043250	77
50.024500	50.284917	75
50.164083	50.514083	60
50.249500	50.501583	74
50.499500	50.766167	72
50.524500	51.147417	48
50.759917	50.964083	74
50.962000	51.193250	72
51.139083	51.578667	53
51.184917	51.357833	71
51.414083	51.724500	72
51.589083	52.116167	56
51.684917	52.107833	74
52.001583	52.062260	63
52.166167	52.214083	75
52.549500	53.301583	53
52.574500	53.439083	60
52.628667	53.741167	65
53.005750	53.282833	56
53.307833	53.445333	46
53.624500	54.399500	56
53.774500	54.376583	67
53.782833	54.437000	62
54.130750	54.420333	60
54.476583	54.568250	58
54.582833	54.997417	67
54.918250	55.284917	39
55.009917	55.368250	63
55.326583	55.732833	46
55.620333	55.903667	51
55.893250	56.034917	55
56.168250	56.487000	58
56.220333	56.562000	75
56.530750	56.712000	63
56.745333	57.076583	74
56.957833	57.478667	60
57.105750	58.197417	72
57.437000	57.634917	63
57.764083	57.824500	53
58.051583	58.645333	63
58.180750	58.499500	69
58.191167	58.645333	74
58.493250	58.684917	67
58.859917	58.907833	65
58.912000	59.397417	74
59.289083	59.609917	46
59.368250	59.745333	70
59.691167	60.039083	53
59.991167	60.251583	58
60.270333	60.597417	82
60.272417	60.357833	62
60.578667	60.899500	65
60.905750	60.953667	70
61.012000	61.222417	82
61.418250	61.620333	36
61.532833	62.324500	82
62.003667	62.272417	64
62.287000	62.522417	58
62.578667	63.253667	55
62.699500	63.305750	72
62.989083	63.266167	64
63.289083	63.530750	58
63.320333	63.572417	74
63.641167	63.899500	53
63.699500	63.864083	75
63.874500	64.003667	77
63.997417	64.084917	75
64.122417	64.218250	74
64.126583	64.282833	63
64.262000	64.478667	75
64.451583	64.605750	79
64.707833	65.082833	56
64.845333	65.239083	79
65.212000	66.068250	77
65.445333	65.743250	46
65.814083	66.501583	53
66.051583	66.287000	75
66.266167	66.459917	62
66.572417	66.684917	56
66.784917	67.030750	75
67.141167	67.501583	39
67.276583	68.587000	75
67.564083	67.745333	46
67.809917	67.878667	55
68.016167	68.855750	51
68.214083	68.468250	58
68.389083	68.995333	55
68.768250	69.070333	63
69.087000	69.274500	67
69.320333	69.462000	68
69.443250	69.645333	70
69.609917	69.759917	74
69.739083	69.987000	72
69.909917	70.218250	39
69.920333	71.228667	70
70.226583	70.395333	46
70.426583	70.499500	55
70.591167	70.924500	51
70.726583	70.957833	58
70.880750	71.122417	55
71.014083	71.122417	63
71.303667	71.489083	67
71.468250	71.618250	68
71.582833	71.745333	70
71.712000	71.882833	74
71.845333	72.189083	72
72.041167	72.262000	39
72.139083	73.243250	70
72.389083	72.457833	46
72.724500	73.032833	53
72.905750	73.072417	58
73.049500	73.726583	56
73.255750	73.666167	62
73.339083	73.676583	53
73.532833	73.743250	65
73.678667	73.853667	68
73.824500	73.999500	70
73.957833	74.164083	74
74.105750	74.389083	72
74.255750	74.507833	39
74.314083	74.495333	70
74.541167	74.941167	46
74.743250	74.887000	55
74.868250	75.016167	61
74.999500	75.178667	63
75.107833	75.322417	67
75.270333	75.489083	72
75.428667	75.766167	70
75.616167	75.859917	39
75.695333	76.053667	68
75.932833	76.259917	47
76.139083	76.249500	56
76.297417	76.414083	59
76.437000	76.591167	63
76.572417	76.807833	65
76.753667	77.032833	39
76.801583	77.870333	67
77.043250	77.199500	46
77.234917	77.314083	55
77.424500	78.243250	51
77.624500	77.937000	58
77.841167	78.318250	55
78.134917	78.282833	63
78.405750	78.614083	67
78.553667	78.705750	68
78.699500	78.901583	70
78.857833	79.068250	74
79.037000	79.357833	72
79.249500	79.530750	39
79.297417	79.403667	70
79.607833	79.789083	46
79.832833	80.303667	82
79.837000	79.907833	55
80.030750	80.505750	51
80.224500	80.455750	58
80.395333	80.674500	55
80.599500	80.680750	63
80.837000	81.045333	67
80.978667	81.124500	68
81.109917	81.262000	70
81.239083	81.416167	74
81.382833	81.726583	72
81.572417	81.922417	39
81.672417	81.807833	70
81.949500	82.126583	46
82.170333	82.691167	82
82.172417	82.224500	56
82.380750	83.205750	53
82.584917	82.870333	58
82.751583	83.270333	56
82.968250	83.172417	62
83.237000	83.391167	65
83.405750	83.547417	68
83.526583	83.697417	70
83.662000	83.828667	74
83.774500	84.055750	72
83.889083	84.132833	39
83.970333	84.205750	70
84.153667	84.474500	46
84.362000	84.497417	55
84.499500	84.643250	61
84.605750	84.795333	63
84.703667	84.872417	67
84.826583	85.022417	72
84.941167	85.155750	70
85.080750	85.434917	68
85.122417	85.347417	39
85.362000	85.664083	47
85.553667	85.616167	56
85.699500	85.901583	59
85.839083	85.995333	63
85.964083	86.151583	65
86.114083	86.384917	39
86.143250	87.189083	67
86.399500	86.549500	46
86.593250	86.655750	55
86.778667	87.176583	51
86.932833	87.120333	58
87.101583	87.774500	55
87.420333	87.739083	63
87.645333	87.874500	67
87.801583	87.957833	70
87.959917	88.243250	79
88.151583	88.439083	77
88.393250	88.791167	75
88.637000	88.891167	39
88.741167	89.647417	70
88.962000	89.072417	46
89.120333	89.176583	55
89.287000	89.539083	51
89.389083	89.551583	58
89.522417	89.734917	55
89.616167	89.737000	63
89.924500	90.249500	67
90.099500	90.264083	70
90.245333	90.464083	79
90.401583	90.639083	77
90.551583	91.168250	75
90.997417	91.326583	43
91.116167	92.178667	74
91.374500	91.439083	50
91.518250	91.566167	58
91.687000	91.941167	55
91.834917	92.062000	62
91.951583	92.097417	58
92.078667	92.168250	67
92.434917	92.620333	70
92.632833	92.841167	74
92.809917	92.891167	82
92.930750	93.128667	74
93.074500	93.278667	75
93.224500	93.447417	46
93.253667	93.714083	76
93.518250	93.612000	53
93.684917	93.743250	62
93.705750	93.987000	77
93.882833	94.134917	58
93.995333	94.224500	65
94.145333	94.362000	62
94.312000	94.387000	70
94.528667	94.709917	74
94.697417	94.828667	77
94.857833	95.028667	86
95.020333	95.216167	84
95.199500	95.393250	82
95.366167	95.545333	50
95.391167	95.559917	80
95.595333	95.743250	81
95.601583	95.668250	57
95.766167	95.855750	65
95.784917	95.991167	89
95.928667	96.066167	62
95.939083	96.124500	88
96.103667	96.276583	86
96.105750	96.166167	69
96.251583	96.345333	81
96.520333	96.609917	74
96.870333	97.101583	69
97.080750	97.230750	65
97.245333	97.378667	62
97.387000	97.532833	64
97.499500	97.601583	67
97.570333	98.041167	65
97.839083	98.264083	52
97.995333	98.264083	64
98.237000	98.530750	40
98.437000	98.549500	52
98.616167	98.728667	62
98.693250	98.826583	64
98.803667	98.847417	68
98.984917	99.141167	74
99.084917	99.330750	76
99.245333	99.401583	80
99.472417	99.797417	52
99.472677	99.662000	40
99.522677	99.828667	85
99.522677	99.887000	80
99.522677	99.928667	74
99.530750	99.909917	76
99.841167	100.097417	40
100.001583	100.099500	52
100.174500	100.270333	76
100.174500	100.276583	80
100.174500	100.278667	83
100.180750	100.262000	74
100.545333	100.701583	33
100.562000	100.749500	45
100.659917	101.074500	73
100.666167	101.024500	69
100.666167	101.159917	81
101.095333	101.297417	52
101.103667	101.434917	61
101.357833	101.487000	64
101.357833	101.516167	57
101.687000	101.818250	69
101.722417	101.891167	93
101.728667	101.843250	81
101.728667	101.987000	85
102.057833	102.184917	65
102.084917	102.159917	61
102.093250	102.301583	57
102.343250	102.407833	61
102.370333	102.495333	52
102.451583	102.491167	57
102.530750	102.695333	92
102.537000	102.678667	80
102.539083	102.778667	85
102.816167	103.007833	35
102.841167	103.047417	47
102.964083	103.797417	90
102.968250	103.697417	78
102.968250	103.741167	85
103.472417	103.566167	54
103.480750	103.668250	59
103.866167	104.187000	57
103.870333	104.174500	63
104.268250	104.493250	59
104.364083	104.628667	63
104.424500	104.680750	68
104.507833	104.830750	83
104.566167	105.080750	87
104.664083	105.039083	92
105.066167	105.295333	57
105.072417	105.203667	63
105.468250	105.584917	54
105.480750	105.555750	59
105.680750	105.955750	92
105.682833	105.907833	87
105.693250	105.964083	81
106.993250	107.182833	85
106.999500	107.251583	81
107.945333	108.470333	87
107.949500	108.455750	83
108.714083	108.832833	88
109.155750	110.005750	40
109.237000	109.532833	88
109.245333	109.568250	81
109.249500	109.572417	83
109.724500	110.047417	47
109.964083	110.097417	52
110.134917	110.272417	57
110.234917	110.397417	59
110.343250	110.426583	64
110.434917	110.637000	52
110.541167	110.707833	59
110.672417	110.747417	64
110.755750	110.876583	69
110.820333	110.947417	71
110.901583	110.987000	76
110.972417	111.159917	65
111.087000	111.272417	72
111.193250	111.259917	77
111.259917	111.407833	81
111.328667	111.439083	83
111.389083	111.466167	88
111.751583	111.918250	64
111.801583	111.932833	71
111.803667	111.912000	76
111.807833	111.887000	88
111.818250	111.853667	80
111.824500	111.862000	83
113.076583	113.343250	28
113.099500	113.355750	40
