2.139900	2.437817	72
2.404483	2.673233	71
2.654483	2.931567	72
2.894067	3.141983	69
3.141983	3.431567	72
3.391983	3.629483	71
3.614900	3.887817	72
3.856567	4.083650	67
4.069067	4.331567	72
4.289900	4.523233	71
4.500317	4.769067	72
4.739900	4.952400	65
4.948233	5.187817	72
5.175317	5.412817	71
5.396150	5.646150	72
5.637817	5.835733	64
5.835733	6.085733	72
6.064900	6.283650	71
6.269067	6.473233	72
6.471150	6.675317	62
6.691983	6.908650	72
6.904483	7.137817	71
7.110733	7.323233	69
7.300317	7.506567	71
7.494067	7.704483	72
7.708650	7.989900	69
7.944067	8.200317	71
8.162817	8.391983	72
8.387817	8.648233	76
8.608650	8.856567	74
8.835733	9.062817	72
9.035733	9.231567	71
9.266983	9.558650	67
9.521150	9.750317	65
9.729483	9.987817	67
9.962817	10.075317	72
9.969067	10.187817	64
10.189900	10.444067	67
10.402400	10.635733	66
10.623233	10.910733	67
10.869067	10.975317	71
10.879483	11.110733	64
11.104483	11.381567	67
11.348233	11.494067	66
11.844067	11.946150	72
12.048233	12.327400	67
12.283650	12.519067	66
12.510733	12.783650	67
12.739900	12.839900	71
12.752400	12.964900	64
12.954483	13.264900	67
14.927400	15.191983	72
15.164900	15.416983	71
15.400317	15.658650	72
15.631567	15.852400	69
15.844067	16.125317	72
16.104483	16.331567	71
16.314900	16.573233	72
16.556567	16.773233	67
16.752400	17.002400	72
16.973233	17.210733	71
17.183650	17.441983	72
17.421150	17.629483	65
17.646150	17.910733	72
17.883650	18.108650	71
18.087817	18.344067	72
18.327400	18.512817	64
18.519067	18.773233	72
18.769067	18.977400	71
18.958650	19.204483	72
19.191983	19.356567	62
19.402400	19.648233	72
19.635733	19.862817	71
19.831567	20.075317	69
20.031567	20.266983	71
20.246150	20.466983	72
20.471150	20.733650	69
20.691983	20.935733	71
20.904483	21.125317	72
21.121150	21.379483	76
21.341983	21.575317	74
21.558650	21.771150	72
21.748233	21.946150	71
21.966983	22.248233	67
22.194067	22.416983	66
22.406567	22.689900	67
22.652400	22.783650	72
22.652400	22.875317	64
22.858650	23.129483	67
23.087817	23.327400	66
23.316983	23.602400	67
23.560733	23.683650	71
23.566983	23.777400	62
23.769067	24.058650	67
24.008650	24.250317	66
24.235733	24.516983	67
24.479483	24.604483	76
24.481567	24.702400	60
24.679483	24.960733	67
24.921150	25.146150	66
25.139900	25.419067	67
25.391983	25.523233	74
25.391983	25.616983	59
25.608650	25.887817	67
25.839900	26.071150	66
26.056567	26.333650	67
26.304483	26.408650	72
26.312817	26.506567	57
26.535733	26.816983	67
26.752400	26.864900	69
26.758650	27.016983	66
26.998233	27.260733	64
27.233650	27.454483	66
27.237817	27.346150	74
27.439900	27.721150	67
27.691983	27.798233	72
27.691983	27.929483	64
27.908650	28.135733	66
28.131567	28.223233	71
28.131567	28.358650	67
28.341983	28.608650	69
28.560733	28.839900	67
28.783650	29.014900	65
29.046150	29.152400	64
29.048233	29.139900	72
29.244067	29.496150	60
29.466983	29.696150	59
29.677400	29.931567	60
29.896150	30.025317	72
29.896150	30.029483	65
29.896150	30.098233	57
30.091983	30.356567	60
30.314900	30.537817	59
30.521150	30.798233	60
30.752400	30.877400	72
30.752400	30.883650	64
30.762817	30.969067	55
30.966983	31.231567	60
31.191983	31.419067	59
31.400317	31.654483	60
31.625317	31.758650	72
31.629483	31.854483	53
31.635733	31.779483	69
31.833650	32.102400	60
32.052400	32.291983	59
32.271150	32.546150	60
32.510733	32.716983	52
32.514900	32.635733	67
32.514900	32.644067	72
32.733650	32.994067	60
32.948233	33.175317	59
33.158650	33.700317	60
33.664900	34.175317	69
33.675317	33.869067	50
33.675317	34.164900	77
33.883650	34.171150	60
34.123233	34.352400	59
34.129483	34.225317	74
34.341983	34.566983	57
34.552400	34.785733	59
34.577400	35.073233	79
34.589900	35.081567	74
34.764900	35.023233	60
34.987817	35.206567	57
35.029483	35.131567	77
35.214900	35.469067	59
35.441983	35.648233	48
35.454483	35.925317	67
35.458650	35.939900	76
35.679483	35.964900	59
35.902400	35.996150	72
35.912817	36.167244	57
36.133650	36.373233	55
36.358650	36.596150	57
36.369067	36.848233	77
36.369067	36.873233	72
36.573233	36.846150	59
36.816983	36.919067	76
36.816983	37.019067	55
37.033650	37.279483	57
37.260733	37.748233	66
37.273233	37.431567	45
37.277400	37.698233	74
37.302400	37.414900	47
37.494067	37.787817	57
37.714900	37.800317	71
37.725317	37.971150	55
37.954483	38.200317	53
38.154483	38.644067	71
38.158650	38.627400	76
38.169067	38.408650	55
38.381567	38.635733	57
38.594067	38.702400	74
38.614900	38.804483	53
38.812817	39.037817	55
39.031567	39.212817	43
39.046150	39.514900	64
39.050317	39.506567	72
39.256567	39.539900	55
39.469067	39.721150	54
39.477400	39.581567	69
39.708650	39.983650	52
39.952400	40.183650	54
39.952400	40.456567	69
39.954483	40.431567	74
40.171150	40.444067	55
40.416983	40.654483	52
40.423233	40.529483	72
40.637817	40.873233	54
40.873233	41.150317	55
40.883650	41.341983	62
40.894067	41.169067	71
41.110733	41.350317	54
41.125317	41.398233	72
41.352400	41.610733	71
41.356567	41.569067	55
41.573233	41.823233	57
41.591983	41.812817	69
41.814900	41.902400	67
41.814900	42.083650	59
42.058650	42.323233	55
42.073233	42.362817	79
42.294067	42.562817	57
42.308650	42.531567	78
42.529483	42.816983	79
42.544067	42.781567	59
42.764900	42.831567	60
42.773233	42.991983	76
42.977400	43.279483	79
43.208650	43.294067	48
43.214900	43.460733	78
43.425317	43.714900	79
43.650317	43.716983	47
43.671150	43.891983	74
43.869067	44.156567	79
44.100317	44.323233	78
44.110733	44.204483	59
44.306567	44.616983	79
44.552400	44.650317	57
44.564900	44.794067	72
44.783650	45.069067	79
45.004483	45.104483	45
45.016983	45.266983	78
45.235733	45.504483	79
45.469067	45.548233	43
45.473233	45.708650	71
45.685733	45.987817	79
45.931567	46.025317	55
45.931567	46.191983	78
46.148233	46.421150	79
46.381567	46.475317	48
46.387817	46.571150	69
46.585733	46.889900	79
46.816983	46.923233	45
46.821150	47.102400	78
47.069067	47.337817	76
47.285733	47.371150	50
47.289900	47.575317	78
47.535733	47.794067	79
47.744067	47.837817	48
47.758650	48.019067	76
47.979483	48.191983	78
48.200317	48.419067	67
48.212817	48.294067	47
48.412817	48.691983	77
48.641983	48.877400	76
48.646150	48.735733	43
48.871150	49.131567	74
49.085733	49.185733	48
49.102400	49.389900	76
49.352400	49.579483	77
49.550317	49.627400	47
49.558650	49.804483	74
49.787817	50.014900	76
50.019067	50.089900	45
50.019067	50.223233	65
50.239900	50.516983	76
50.464900	50.533650	41
50.464900	50.708650	74
50.702660	50.952400	72
50.908650	50.998233	47
50.929483	51.223233	74
51.164900	51.389900	76
51.360733	51.606567	72
51.364900	51.437817	45
51.589900	51.844067	74
51.810733	51.877400	44
51.814900	52.039900	64
52.039900	52.312817	74
52.254483	52.502400	72
52.266983	52.344067	40
52.487817	52.762817	71
52.716983	52.800317	45
52.735733	53.014900	72
52.969067	53.196150	74
53.175317	53.256567	43
53.175317	53.425317	71
53.406567	53.627400	72
53.623233	53.675317	41
53.627400	53.827400	62
53.829483	54.098233	72
54.046150	54.291983	71
54.054483	54.121150	38
54.273233	54.539900	69
54.485733	54.573233	50
54.510733	54.775317	71
54.729483	54.937817	72
54.916983	55.150317	69
54.941983	55.002400	47
55.135733	55.377400	71
55.371150	55.554483	68
55.383650	55.444067	52
55.577400	55.825317	69
55.789900	56.037817	68
55.816983	55.860733	54
56.006567	56.229483	66
56.233650	56.389900	64
56.239900	56.300317	56
56.444067	56.710733	76
56.660733	56.914900	74
56.675317	56.731567	52
56.869067	57.123233	76
57.089900	57.156567	57
57.089900	57.337817	72
57.296150	57.548233	74
57.487817	57.723233	72
57.548233	57.600317	55
57.698233	57.935733	71
57.896150	58.160733	69
57.977400	58.029483	53
58.535733	58.608650	53
58.541983	58.621150	67
58.544067	58.600317	69
58.762817	59.037817	69
58.991983	59.056567	52
58.996150	59.244067	73
59.006567	59.291983	67
59.225317	59.477400	69
59.448233	59.525317	50
59.452400	59.739900	65
59.477400	59.621150	74
59.666983	59.956567	69
59.900317	60.137817	68
60.102400	60.362817	69
60.341983	60.606567	64
60.352400	60.448233	57
60.352400	60.610733	72
60.569067	60.848233	69
60.812817	61.002400	68
61.010733	61.264900	69
61.244067	61.366983	57
61.250317	61.385733	77
61.266983	61.454483	62
61.454483	61.737817	69
61.679483	61.904483	68
61.896150	62.175317	69
62.135733	62.298233	57
62.148233	62.266983	76
62.156567	62.304483	60
62.346150	62.641983	69
62.579483	62.783650	68
62.781567	63.029483	69
63.019067	63.219067	57
63.027400	63.281567	74
63.048233	63.227400	59
63.237817	63.481567	72
63.269067	63.529483	69
63.450317	63.683650	71
63.487817	63.735733	68
63.664900	63.925317	69
63.721150	63.960733	66
63.910733	64.114900	71
63.941983	64.150317	68
64.139900	64.427400	69
64.141983	64.421150	77
64.369067	64.633650	76
64.389900	64.577400	66
64.564900	64.635733	68
64.585733	64.733650	74
64.789900	65.087817	69
64.791983	64.987817	57
64.810733	64.981567	59
64.810733	65.050317	72
65.023233	65.287817	74
65.035733	65.294067	65
65.246150	65.473233	73
65.254483	65.498233	64
65.446150	65.714900	71
65.487817	65.725317	62
65.669067	65.925317	73
65.696150	65.939900	64
65.894067	66.121150	74
65.912817	66.158650	70
66.116983	66.358650	71
66.133650	66.406567	69
66.331567	66.519067	73
66.344327	66.391983	67
66.564900	66.827400	74
66.583650	66.835733	65
66.585733	66.819067	57
66.608650	66.675317	64
66.781567	67.025317	77
66.806567	67.056567	62
67.012817	67.258650	76
67.027400	67.262817	61
67.231567	67.466983	74
67.248233	67.471150	59
67.450317	67.673233	61
67.458650	67.706567	76
67.681567	67.877400	82
67.681567	67.944067	62
67.891983	68.146150	81
67.912817	68.160733	59
68.127400	68.231567	61
68.133650	68.383650	79
68.360733	68.523233	77
68.369067	68.548233	57
68.381567	68.612817	62
68.573233	68.804483	76
68.581567	68.860733	67
68.791983	69.035733	74
68.808650	69.056567	65
68.998233	69.204483	73
69.039900	69.256567	64
69.223233	69.473233	74
69.246150	69.494067	65
69.456567	69.700317	67
69.462817	69.708650	76
69.681567	69.875317	64
69.687817	69.931567	72
69.869067	69.935733	65
69.900317	70.104483	74
70.100317	70.337817	57
70.100317	70.344067	63
70.121150	70.339900	71
70.333650	70.577400	79
70.333650	70.596150	64
70.554483	70.752400	78
70.560733	70.796150	63
70.764900	71.027400	76
70.773233	71.027400	61
70.985733	71.219067	78
71.002400	71.223233	63
71.210733	71.489900	64
71.219067	71.485733	84
71.441983	71.666983	83
71.446150	71.698233	61
71.673233	71.871150	81
71.677400	71.875317	63
71.887817	72.141983	64
71.887817	72.160733	79
72.106567	72.379483	63
72.108650	72.335733	78
72.325317	72.562817	79
72.358650	72.579483	64
72.548233	72.827400	81
72.569067	72.796150	66
72.787817	73.021150	67
72.794067	73.719067	83
72.998233	73.219067	64
73.191983	73.404483	63
73.229483	74.181567	79
73.421150	73.689900	64
73.654483	73.858650	60
73.675317	74.625317	81
73.860733	74.162817	64
74.106567	74.327400	63
74.125317	74.689900	78
74.327400	74.606567	64
74.558650	75.989900	79
74.564900	74.773233	59
74.771150	75.050317	64
74.800317	75.069067	78
75.014900	75.241983	63
75.054483	75.539900	76
75.239900	75.512817	64
75.471150	75.706567	57
75.481567	76.448233	72
75.683650	75.966983	64
75.906567	76.883650	78
75.921150	76.146150	63
76.135733	76.398233	64
76.381567	76.608650	55
76.381567	76.904483	71
76.598233	76.896150	64
76.835733	77.044067	63
76.844067	77.287817	76
77.039900	77.150317	64
77.250317	77.475317	54
77.264900	77.769067	72
77.269067	78.235733	81
77.487817	77.781567	64
77.721150	77.964900	63
77.723233	78.198233	71
77.944067	78.200317	61
78.166983	79.535733	78
78.181567	78.396150	63
78.377400	78.625317	64
78.602400	78.848233	61
78.633650	79.337817	81
78.841983	79.477400	63
79.460733	79.521150	52
79.487817	81.056567	79
79.704483	79.956567	78
79.923233	79.985733	54
79.937817	80.189900	76
80.150317	80.414900	75
80.377400	80.460733	55
80.381567	80.619067	76
80.581567	80.804483	78
80.808650	81.031567	74
80.812817	80.894067	52
81.023233	81.702400	76
81.656567	82.191983	73
81.666983	81.881567	57
81.666983	82.419067	79
81.879483	82.156567	60
82.104483	82.344067	58
82.114900	82.431567	69
