3.486000	3.554750	105
3.486000	3.588083	108
3.983917	4.048500	107
3.990167	4.027667	104
4.546417	4.600583	106
4.569333	4.613083	103
5.011000	5.127667	105
5.015167	5.102667	102
5.475583	5.558917	104
5.492250	5.604750	101
5.902667	5.990167	103
5.906833	5.990167	100
6.290167	6.411000	102
6.294333	6.400583	99
6.623500	6.708917	101
6.631833	6.767250	98
6.923500	7.071417	100
6.931833	6.994333	97
7.190167	7.313083	99
7.196417	7.271417	96
7.413083	7.496417	98
7.433917	7.531833	95
7.648500	7.773500	97
7.652667	7.708917	94
7.852667	7.929750	96
7.867250	7.948500	93
8.054750	8.204750	95
8.067250	8.179750	92
8.256833	8.344333	94
8.275583	8.363083	91
8.475583	8.623500	93
8.483917	8.563083	90
8.681833	8.786000	92
8.698500	8.779750	89
8.906833	8.992250	91
8.911000	9.027667	88
9.131833	9.192250	90
9.133917	9.179750	87
9.406833	9.465167	89
9.406833	9.506833	86
9.425583	9.488083	88
9.700583	9.846417	88
9.706833	9.767250	85
10.129750	10.469333	87
10.136000	10.423500	83
10.481833	10.563083	85
10.488083	10.625583	88
10.686000	10.825583	87
10.694333	10.775583	83
10.708917	11.123500	68
10.842250	10.927667	85
10.842250	10.963083	88
10.975583	11.038083	83
10.979750	11.102667	87
10.998500	11.313083	75
11.108917	11.246417	85
11.119333	11.244333	88
11.242250	11.396417	87
11.252667	11.352667	83
11.288083	11.442250	80
11.394333	11.525583	88
11.398500	11.554750	85
11.540167	11.702667	87
11.544333	11.621417	83
11.688083	11.813083	88
11.692250	11.811000	85
11.844333	11.990167	87
11.861000	11.917250	83
11.879750	12.173500	71
11.981833	12.133917	85
11.992250	12.123500	88
12.129750	12.275583	87
12.144333	12.202667	83
12.148500	12.456833	75
12.269333	12.415167	85
12.281833	12.417250	88
12.402667	12.565167	87
12.419333	12.500583	78
12.419333	12.506833	83
12.556833	12.704750	85
12.571417	12.694333	88
12.692250	12.863083	87
12.702667	12.756833	83
12.846417	12.996417	85
12.863083	12.992250	88
12.988083	13.148500	87
13.004750	13.579750	68
13.008917	13.067250	83
13.144333	13.279750	85
13.161000	13.279750	88
13.275583	13.436000	87
13.286000	13.381833	83
13.286000	13.669333	75
13.431833	13.571417	85
13.440167	13.567250	88
13.558917	13.738083	87
13.569333	13.663083	83
13.586000	13.665167	80
13.715167	13.888083	85
13.731833	13.873500	88
13.875583	14.046417	87
13.904750	13.977667	83
14.046417	14.231833	85
14.046417	14.231833	88
14.213083	14.400583	87
14.229750	14.304750	83
14.398500	14.565167	85
14.400583	14.552667	88
14.554750	14.727667	87
14.575583	14.642250	83
14.729750	14.892250	85
14.729750	14.894333	88
14.892250	15.100583	87
14.902667	15.056833	75
14.908917	14.990167	78
14.917250	15.002667	71
14.921417	14.996417	83
15.081833	15.286260	85
15.104750	15.281833	88
15.275583	15.465167	87
15.306833	15.381833	83
15.481833	15.565167	85
15.481833	15.698500	88
15.683917	15.794333	83
15.690167	15.888083	87
15.708917	16.090167	68
15.871417	16.023500	85
15.886000	16.023500	88
16.029750	16.183917	87
16.029750	16.267250	75
16.040167	16.102667	83
16.183917	16.327667	88
16.183917	16.331833	85
16.327667	16.486000	87
16.340167	16.388083	80
16.346417	16.433917	83
16.371417	16.452667	75
16.486000	16.640167	85
16.490167	16.631833	88
16.631833	16.806833	87
16.646417	16.733917	83
16.790167	16.923500	85
16.800583	16.933917	88
16.942250	17.113083	87
16.948500	17.540167	64
16.958917	17.027667	83
17.098500	17.242250	85
17.098500	17.252667	88
17.244333	17.406833	87
17.263083	17.621418	71
17.269333	17.329750	83
17.396417	17.529751	88
17.396417	17.546417	85
17.529751	17.717251	87
17.558918	17.673500	83
17.571417	17.629749	76
17.711000	17.875584	88
17.715168	17.881832	85
17.871418	18.050583	87
17.892250	18.027668	83
18.063084	18.248501	85
18.063084	18.315166	88
18.300583	18.488083	87
18.311001	18.450582	83
18.311001	19.142250	69
18.479750	18.654751	88
18.488083	18.633917	85
18.650583	18.825582	87
18.654751	18.752666	83
18.654751	19.106832	76
18.808918	18.990168	88
18.819332	18.981832	85
18.979750	19.154751	87
18.981832	19.046417	81
18.986000	19.083918	83
19.150583	19.315166	88
19.152668	19.371418	85
19.325582	19.544332	87
19.361000	19.483917	83
19.523500	19.656834	88
19.525583	19.602667	85
19.736000	20.356832	73
19.736000	20.358917	76
19.754749	20.352667	69
19.756832	19.936001	85
19.771418	19.886000	81
19.921417	20.094334	87
19.973499	20.111000	83
20.104750	20.277668	85
20.121418	20.236000	81
20.279751	20.429750	87
20.279751	20.433918	83
20.469334	20.656834	85
20.475582	20.611000	81
20.496418	20.904751	73
20.496418	20.915167	76
20.500584	20.898500	69
20.654751	20.800583	87
20.669332	20.827667	83
20.819332	21.004749	85
20.848499	20.973499	81
20.992250	21.127666	87
21.008917	21.098499	83
21.138082	21.725582	69
21.171417	21.671417	72
21.196417	21.765167	76
21.202667	21.390167	81
21.217251	21.402668	84
21.398500	21.554750	86
21.404751	21.550583	83
21.556833	21.713083	84
21.575582	21.729750	81
21.727667	21.827667	86
21.742250	21.796417	83
21.894333	22.606832	73
21.906834	22.629749	76
21.910999	22.627666	69
21.929750	22.136000	83
21.936001	22.002666	87
21.983917	22.042250	86
22.158916	22.354750	88
22.196417	22.277668	85
22.363083	22.521418	87
22.377666	22.442249	83
22.548500	22.686001	85
22.554750	22.700582	88
22.731832	23.071417	73
22.740168	23.052668	76
22.746418	22.917250	87
22.758917	23.308918	69
22.763082	22.863083	83
22.927668	23.025583	85
22.931833	23.094334	88
23.111000	23.292250	87
23.121418	23.242250	83
23.300583	23.350582	85
23.300583	23.352667	88
23.467251	24.040167	73
23.483917	23.975582	69
23.538082	24.048500	76
23.573500	24.061001	81
23.577667	23.736000	87
23.592251	23.831833	90
23.825582	24.006832	92
23.992250	24.167250	90
24.027668	24.258917	87
24.202667	24.436001	92
24.421417	25.061001	72
24.461000	24.594334	86
24.613083	24.694332	87
24.750584	25.113083	75
24.775583	24.879749	88
24.904751	25.058918	89
25.023500	25.102667	90
25.052668	25.123501	84
25.163082	25.269333	91
25.304750	25.465168	92
25.429750	25.636000	93
25.586000	26.035999	73
25.590168	25.740168	94
25.731832	25.869333	93
25.861000	26.011000	92
25.898500	26.002666	85
26.019333	26.152668	91
26.121418	26.256832	90
26.246418	26.383917	89
26.379749	26.531834	88
26.540167	26.586000	87
26.654751	27.208918	74
26.660999	26.769333	87
26.798500	26.921417	88
26.919332	27.090168	89
26.977667	27.261000	78
26.979750	27.263082	81
27.044332	27.148500	90
27.181833	27.304750	91
27.200582	27.306833	86
27.302668	27.486000	92
27.419332	27.600582	93
27.552668	27.625584	94
27.677668	27.850582	94
27.677668	28.013082	76
27.825582	27.961000	93
27.938084	28.092251	92
27.958918	28.294332	80
27.977667	28.292250	83
28.088083	28.223499	91
28.190166	28.358917	90
28.194332	28.256832	88
28.315166	28.477667	89
28.463083	28.517250	88
28.594334	28.681833	88
28.756832	29.121418	76
28.761000	28.927668	89
28.881832	28.983917	90
29.031834	29.158916	91
29.065166	29.354750	80
29.075582	29.283916	83
29.163082	29.338083	92
29.283916	29.473499	93
29.338083	29.723499	88
29.415167	29.511000	94
29.554750	29.700582	95
29.694332	29.858917	96
29.819332	30.123501	76
29.831833	29.996418	97
29.965168	30.071417	96
30.048500	30.250584	97
30.131832	30.367250	83
30.196417	30.458918	99
30.204750	30.325582	80
30.400583	30.754749	88
30.456833	30.704750	98
30.654751	30.815166	99
30.823500	30.994333	100
30.977667	31.121418	99
31.111000	31.327667	100
31.160999	31.706833	76
31.296417	31.442249	99
31.463083	31.675583	80
31.467251	31.636000	100
31.625584	31.788082	101
31.729750	32.104750	83
31.750584	31.856832	102
31.883917	32.017250	103
32.025583	32.198500	104
32.086000	32.146418	88
32.154751	32.375584	105
32.313084	32.448500	88
32.313084	32.531834	106
32.502666	32.738083	105
32.698500	32.933918	104
32.746418	32.815166	83
32.892250	33.102667	105
33.075582	33.327667	106
33.077667	33.267250	80
33.077667	33.306833	88
33.296417	33.525581	105
33.488083	33.731834	104
33.710998	33.896416	103
33.942249	34.073502	102
33.956833	34.011002	92
33.956833	34.042252	95
33.960998	34.027668	88
34.073502	34.181831	101
34.233917	34.338081	100
34.250584	34.296417	95
34.267250	34.331833	92
34.375584	34.467251	99
34.488083	34.602669	88
34.494331	34.604752	98
34.621418	34.746418	97
34.758919	34.848499	96
34.785999	34.835998	95
34.794334	34.844334	92
35.077667	35.210998	88
35.094334	35.246418	108
35.223499	35.367248	107
35.335998	35.454750	106
35.358917	35.417252	92
35.358917	35.446419	95
35.463081	35.625584	105
35.577667	35.665169	100
35.585998	35.754749	104
35.713081	35.846416	103
35.815166	35.940166	102
35.854752	35.948502	95
35.883919	35.940166	92
35.944332	36.079750	101
36.063084	36.194332	100
36.085998	36.225582	88
36.190166	36.290169	99
36.296417	36.442249	98
36.329750	36.396416	95
36.438084	36.629749	97
36.563084	36.690166	96
36.623501	36.696419	89
36.636002	36.690166	88
36.700584	36.863083	95
36.848499	37.029751	94
36.877666	36.960998	83
36.983917	37.140427	93
37.115166	37.258919	92
37.123501	37.265167	76
37.138084	37.196419	83
37.248501	37.377666	91
37.373501	37.502666	90
37.392250	37.446419	80
37.392250	37.450584	83
37.523498	37.636002	89
37.640167	37.790169	88
37.669334	37.731834	83
37.673500	37.740166	76
37.771416	37.936001	87
37.910999	38.073502	86
37.950584	38.002666	83
37.956833	38.017250	76
38.054748	38.186001	85
38.167252	38.331833	84
38.311001	38.419334	83
38.429748	38.556831	82
38.467251	38.563084	71
38.479752	38.542252	64
38.569332	38.708916	81
38.702667	38.869331	80
38.738083	38.785999	76
38.773498	38.842251	71
38.858917	38.998760	79
38.996418	39.119331	78
39.015167	39.071419	68
39.019333	39.079750	71
39.117248	39.325584	77
39.269333	39.500584	64
39.311001	39.508919	76
39.498501	39.640167	75
39.633919	39.723499	71
39.646416	39.806831	74
39.794334	40.002666	73
40.011002	40.902668	57
40.092251	40.308918	73
40.358917	40.540169	72
40.438084	40.538082	64
40.542252	40.654751	73
40.683918	40.811001	74
40.708916	40.775581	69
40.825584	40.963081	75
40.971416	41.023498	64
40.994331	41.129749	76
41.136002	41.296417	77
41.256832	41.377666	78
41.410999	41.535999	79
41.552666	41.669334	80
41.569332	42.144333	64
41.715168	41.790169	81
41.819332	41.938084	82
41.829750	42.144333	69
41.975582	42.100582	83
42.088081	42.229752	72
42.088081	42.267250	84
42.215168	42.325584	85
42.365166	42.504749	86
42.494331	42.625584	87
42.615166	43.621418	65
42.646416	42.804748	88
42.792252	42.915169	87
42.906834	43.331833	69
42.921417	43.067249	88
43.061001	43.121418	85
43.138084	43.373501	86
43.258919	43.608917	72
43.371418	43.529751	85
43.531834	43.721416	84
43.602669	43.715168	77
43.692249	43.858917	83
43.867248	44.017250	82
43.875584	44.065166	72
44.027668	44.165169	81
44.169334	44.315166	80
44.190166	44.325584	77
44.206833	44.394333	69
44.327667	44.469334	81
44.463081	44.592251	80
44.469334	44.642250	72
44.627666	44.771416	81
44.779751	44.856834	69
44.779751	44.908916	77
44.779751	45.048500	83
45.048500	45.442249	84
45.527668	46.390167	71
45.602669	45.883919	83
45.869331	45.979752	82
46.027668	46.231834	75
46.052666	46.144333	83
46.210998	46.381832	84
46.342251	46.525581	78
46.361000	46.513084	85
46.519333	46.688084	84
46.677666	46.829750	75
46.681831	46.829750	83
46.808918	46.965168	84
46.902668	46.973499	78
47.023498	47.604752	71
47.025581	47.183918	83
47.177666	47.265167	82
47.340168	47.467251	83
47.340168	47.515167	75
47.354752	47.410999	78
47.483917	47.658916	84
47.625584	47.811001	85
47.640167	47.756832	78
47.792252	47.979752	84
47.979752	48.179748	83
47.981834	48.113083	75
48.163082	48.467251	84
48.396416	49.152668	71
48.402668	48.625584	85
48.650581	48.856834	83
48.825584	49.013084	88
48.829750	49.069332	76
48.986000	49.094334	91
49.115166	49.594334	79
49.158916	49.581833	95
49.319332	49.431831	100
49.452667	49.865166	107
49.550583	49.850582	83
49.777668	50.027668	103
50.006832	50.267250	107
50.210998	50.394333	103
50.390167	50.552666	100
50.544334	50.706833	95
50.704750	50.908916	100
50.861000	51.067249	103
51.046417	51.233917	107
51.200584	51.381832	103
51.381832	51.594334	107
51.390167	52.329750	84
51.390167	52.410999	88
51.390167	52.438084	93
51.429748	52.348499	81
51.554748	51.746418	103
51.710998	51.865166	100
51.854752	52.029751	96
52.008919	52.227669	100
52.158916	52.333916	103
52.319332	52.556831	107
52.494331	52.688084	103
52.667252	52.917252	107
52.846416	53.035999	103
52.990166	53.592251	88
52.990166	53.725582	93
52.998501	53.163082	100
52.998501	53.523498	83
53.169334	53.281834	95
53.327667	53.529751	100
53.477669	53.671417	103
53.644333	53.842251	107
53.788082	53.971416	103
53.938084	55.035999	88
53.946419	54.996418	84
53.946419	55.050583	93
53.956833	54.194332	107
54.133919	54.356834	103
54.285999	54.469334	100
54.442249	54.665169	96
54.619331	54.808918	100
54.775581	54.992248	103
54.950584	55.171417	107
55.131832	55.208916	103
55.475582	55.796417	108
55.481834	56.721416	88
55.481834	56.798500	84
55.481834	56.840168	93
55.654751	55.877666	107
55.779751	55.831833	106
55.919334	56.092251	105
56.069332	56.254749	104
56.227669	56.354752	103
56.342251	56.454750	102
56.458916	56.608917	101
56.585998	56.773498	100
56.742248	56.910999	99
56.902668	57.079750	98
57.069332	57.261002	97
57.221416	57.344334	90
57.227669	57.365166	96
57.227669	57.369331	87
57.240166	57.313084	84
57.390167	57.569332	95
57.544334	57.702667	94
57.708916	57.804748	93
57.719334	57.790169	95
57.869331	58.183918	92
57.873501	58.173500	87
57.877666	58.177666	84
58.200584	58.333916	93
58.377666	58.525581	94
58.558918	58.715168	95
58.569332	58.619331	96
58.740166	58.919334	96
58.892250	59.029751	97
59.073502	59.256832	98
59.265167	59.381832	99
59.408916	59.523498	100
59.600582	59.752666	101
59.746418	59.869331	102
59.894333	59.973499	97
59.927666	60.044334	103
60.073502	60.215168	104
60.106834	60.221416	96
60.248501	60.460998	105
60.277668	60.471416	95
60.425583	60.565166	94
60.431831	60.554748	106
60.619331	60.790169	107
60.638084	60.873501	93
60.815166	61.050583	108
60.842251	61.046417	94
61.017250	61.194332	107
61.042252	61.327667	95
61.173500	61.379749	106
61.381832	61.583916	105
61.567249	61.840168	104
61.575584	61.785999	96
61.817249	61.877666	95
61.988083	62.165169	103
61.988083	62.177666	95
62.165169	62.329750	94
62.171417	62.346416	102
62.344334	62.475582	101
62.500584	62.588081	95
62.565166	62.742248	100
62.736000	62.915169	99
62.942249	63.102669	98
62.963081	63.015167	95
63.138084	63.358917	97
63.340168	63.590168	96
63.598499	63.892250	95
63.865166	64.015167	92
64.121418	64.427666	95
64.344334	64.863083	80
64.379749	64.600582	100
64.583916	64.781834	107
64.781834	64.960998	100
64.781834	65.027668	88
64.950584	65.125584	107
65.113083	65.198502	92
65.121418	65.283916	100
65.283916	65.417252	95
65.427666	65.750580	81
65.440166	65.623497	100
65.596420	65.723503	95
65.731834	66.088081	84
65.742248	65.919334	107
65.888084	66.050583	100
66.019333	66.386002	88
66.033920	66.192253	95
66.183914	66.394333	107
66.346420	66.411003	93
66.350586	66.542252	100
66.519333	66.715164	107
66.683914	66.861000	100
66.708916	67.108917	80
66.852669	67.063080	95
67.027664	67.190170	100
67.046417	67.348503	88
67.167252	67.367248	107
67.338081	67.486000	92
67.338081	67.496414	100
67.475586	67.667252	107
67.644333	67.796417	100
67.786003	67.925583	95
67.948502	68.879753	81
67.954750	68.125580	100
68.115166	68.304748	107
68.263084	68.865166	84
68.265167	68.429748	100
68.419334	68.606834	95
68.588081	68.773498	100
68.592247	68.817253	93
68.746414	68.950584	107
68.904747	69.031830	88
68.915169	69.081833	100
69.048500	69.310997	107
69.244331	69.394333	99
69.244331	69.927666	83
69.396416	69.636002	95
69.554748	69.965164	87
69.563080	69.740166	99
69.727669	69.908920	107
69.873497	70.075584	99
69.873497	70.079750	90
70.056831	70.256836	107
70.213081	70.413086	99
70.386002	70.588081	95
70.565170	70.754753	100
70.569336	71.138084	76
70.738083	70.954750	107
70.904747	71.081833	100
70.904747	71.115166	83
71.069336	71.171417	95
71.233917	71.413086	88
71.388084	71.594330	95
71.567253	71.748497	88
71.579750	71.717247	79
71.750580	71.923500	83
71.963081	72.633919	69
71.973503	72.175583	88
72.161003	72.381836	95
72.321419	72.467247	88
72.335998	72.581833	76
72.483917	72.615166	83
72.636002	72.825584	88
72.642250	72.923500	72
72.650581	72.908920	81
72.815170	72.998497	95
72.946419	73.094330	76
72.975586	73.173500	88
73.144333	73.342247	95
73.281830	73.577667	65
73.304748	73.483917	88
73.490166	73.625580	83
73.615166	73.935997	72
73.638084	73.819336	88
73.806831	73.996414	95
73.967247	74.079750	76
73.967247	74.081833	81
73.967247	74.173500	88
74.150581	74.325584	95
74.310997	74.502670	88
74.496414	74.704750	95
74.627670	75.021416	71
74.671417	74.813080	88
74.825584	75.115166	83
74.994331	75.404747	75
75.042252	75.200584	87
75.208916	75.421417	95
75.394333	75.538086	87
75.394333	75.621414	78
75.575584	75.869331	83
75.756836	75.827667	78
75.769333	75.942253	87
75.771416	75.829750	75
75.963081	76.119331	95
76.150581	76.527664	76
76.163086	76.310997	88
76.338081	76.448502	83
76.475586	76.663086	88
76.508919	76.636002	79
76.646416	76.752670	95
76.817253	76.958916	95
76.844330	77.044334	83
76.977669	77.142250	100
77.146416	77.292252	107
77.156830	77.296417	88
77.165169	77.294334	103
77.313080	77.481834	100
77.496414	77.663086	107
77.504753	77.967247	76
77.513084	77.663086	103
77.548500	77.623497	83
77.654747	77.798500	100
77.802666	77.871414	95
77.975586	78.154747	91
77.983917	78.223503	95
78.163086	78.304748	88
78.333916	78.475586	83
78.517250	78.633919	79
78.517250	78.706833	88
78.713081	78.902664	91
78.888084	79.831833	72
78.894592	79.111000	95
79.071419	79.229752	91
79.229752	79.365166	88
79.238083	79.898498	76
79.379753	79.594330	83
79.544334	79.748497	88
79.563080	79.967247	79
79.713081	79.919334	91
79.898498	80.100586	95
80.069336	80.175583	91
80.248497	80.708916	73
80.452667	80.590164	85
80.625580	80.850586	88
80.642250	80.867248	76
80.800583	80.994331	91
80.825584	80.925583	73
80.879753	81.092247	79
80.977669	81.219330	94
81.056831	81.138084	82
81.171417	81.338081	91
81.319336	81.513084	88
81.494331	81.606834	85
81.669334	83.581833	77
81.673500	83.625580	81
81.685997	83.540169	74
81.833916	81.958916	86
81.998497	82.165169	89
82.144333	82.250580	93
82.331833	82.550583	98
82.717247	82.988083	108
83.092247	83.296417	98
83.092247	83.515167	105
83.098503	83.294334	108
83.656830	83.773498	108
83.663086	83.744331	105
83.848503	83.988083	108
83.848503	84.002670	105
83.877670	84.181831	77
83.881836	84.888084	74
84.029747	84.246414	107
84.036003	84.106834	104
84.215164	84.315170	106
84.219330	84.388084	103
84.229752	84.681831	81
84.571419	84.748497	105
84.585998	84.727669	102
84.585998	84.906830	86
84.740166	84.840164	104
84.761002	84.873497	101
84.940170	84.998497	81
84.940170	85.106834	103
84.946419	85.048500	100
85.296417	85.700584	71
85.310997	85.425583	99
85.315170	85.419334	102
85.498497	85.609177	98
85.515167	85.652664	101
85.669334	85.900581	100
85.679748	86.025581	75
85.829750	86.019333	97
86.008919	86.381836	96
86.069336	86.390167	83
86.302666	86.379753	98
86.492248	86.656830	78
86.846420	87.044334	98
86.850586	87.263084	71
86.998497	87.156830	95
87.188080	87.354752	97
87.196419	87.433914	75
87.352669	87.454750	94
87.500580	87.821419	78
87.515167	87.648498	96
87.679748	87.833916	93
87.840164	88.025581	83
87.844330	87.988083	95
88.002670	88.150581	92
88.175583	88.296417	95
88.198502	88.404747	75
88.338081	88.517250	91
88.513084	88.690170	94
88.517250	88.590164	83
88.679748	88.846420	90
88.858917	89.019333	93
89.036003	89.250580	89
89.208916	89.373497	92
89.596420	90.267250	72
89.950584	90.375580	76
90.004753	90.079750	91
90.146416	90.248497	89
90.290169	90.581833	91
90.315170	90.506836	84
90.475586	90.558914	88
90.619331	90.765167	90
90.638084	90.798500	79
90.794334	90.871414	87
90.958916	91.019333	73
90.958916	91.242248	89
91.085998	91.396416	73
91.377670	91.727669	76
91.517250	91.669334	73
91.573502	91.756836	86
91.765167	91.992508	79
91.788086	91.946419	88
91.954750	92.046417	85
92.129753	92.304748	87
92.138084	92.223503	82
92.348503	92.463081	84
92.558914	92.600586	86
92.563080	92.604752	83
92.563080	92.615166	81
92.577667	92.623497	77
92.585998	92.640167	74
92.956833	93.252670	77
92.958916	93.267250	81
92.965164	93.271416	83
92.965164	93.271416	86
92.969330	93.302666	74
93.350586	93.411003	86
93.350586	93.413086	83
93.358917	93.444336	81
93.365166	93.435997	77
93.371414	93.456833	74
93.546417	93.654747	86
93.548500	93.621414	81
93.548500	93.625580	83
93.552666	93.621414	77
93.563080	93.629753	74
93.898498	94.423500	83
93.900581	94.400581	86
93.900581	94.636002	76
93.902664	94.590164	80
94.738083	94.913086	86
94.738083	94.975586	83
95.419334	95.523498	83
95.419334	95.538086	84
95.425583	95.556831	76
95.429748	95.546417	69
95.433914	95.558914	81
95.777664	95.927666	84
95.777664	95.954750	69
95.781830	95.944336	83
95.788086	95.919334	81
95.790169	95.954750	76
96.111000	96.371414	69
96.129753	96.252670	76
96.136002	96.208916	83
96.136002	96.217247	84
96.136002	96.223503	81
96.323502	96.519333	84
96.327667	96.486000	83
96.329750	96.460998	81
96.329750	96.467247	76
96.679748	97.477669	81
96.688080	97.644333	84
96.692253	97.506836	76
96.696419	97.527664	72
96.696419	97.656830	83
98.079750	98.279747	72
98.090164	98.246414	84
98.090164	98.261002	77
98.094330	98.242248	81
98.098503	98.233917	83
98.108917	98.296417	65
98.444336	98.604752	81
98.444336	98.617248	65
98.448502	98.617248	84
98.450584	98.600586	83
98.450584	98.608917	72
98.454750	98.577667	77
98.790169	99.058914	65
98.806831	98.917252	72
98.810997	98.892250	77
98.810997	98.892250	83
98.810997	98.894333	81
98.817253	98.894333	84
99.002670	99.121414	81
99.002670	99.156830	84
99.006836	99.125580	83
99.008919	99.073502	77
99.015167	99.111000	72
99.373497	99.877670	75
99.373497	101.094330	84
99.379753	99.817253	66
99.379753	101.085998	81
99.386002	101.113083	83
99.392250	99.875580	72
99.398498	99.873497	69
100.298500	100.458916	63
100.511002	100.690170	64
100.673500	100.840164	65
100.858917	101.079750	67
101.056831	101.533920	68
101.465164	101.723503	78
101.465164	101.856834	70
101.848503	101.977669	79
101.852669	102.069336	71
102.021416	102.181831	80
102.054748	102.100586	72
102.219330	102.358917	81
102.408920	102.558914	82
102.613083	102.729752	83
102.665169	102.721420	72
102.665169	102.733917	69
102.998497	103.052666	76
102.998497	103.058914	72
102.998497	103.136002	84
103.015167	103.077667	69
103.369331	103.506836	85
103.386002	103.450584	76
103.388084	103.456833	72
103.417252	103.492248	69
103.727669	103.954750	83
103.748497	103.815170	76
103.761002	103.821419	72
103.761002	103.838081	69
104.085998	104.156830	76
104.098503	104.161003	72
104.098503	104.173500	69
104.098503	104.267250	95
104.108917	104.210998	88
104.906830	105.023498	95
104.915169	105.000580	83
104.919334	104.986000	91
105.681831	105.833916	69
105.704750	105.871414	91
105.708916	105.817253	72
105.708916	105.844330	88
105.713081	105.808914	76
105.713081	105.817253	83
