5.396000	5.458500	84
5.396000	5.910583	60
5.685583	5.898083	67
5.929333	6.108500	64
6.162667	6.373083	67
6.410583	6.906417	60
6.435583	6.485583	84
6.671000	6.881417	69
6.893917	7.131417	65
7.129333	7.281417	69
7.371000	7.823083	60
7.396000	7.798083	84
7.614750	7.833500	67
7.854333	8.054333	64
8.087667	8.239750	67
8.329333	8.960583	60
8.354333	9.237667	84
8.589750	8.816833	69
8.848083	9.098083	65
9.125167	9.275167	69
9.456417	10.393917	60
9.502250	11.137667	84
9.783500	9.948083	67
10.041833	10.227250	64
10.085583	10.623083	79
10.348083	10.510583	67
10.593917	11.202250	76
10.598083	10.762667	64
10.883500	11.054333	67
11.156417	11.323083	64
11.160583	12.835583	79
11.439750	11.658500	67
11.721000	13.598083	60
11.731417	12.721000	72
13.346000	13.616833	76
13.616833	13.821000	79
13.825167	14.068917	83
14.068917	14.456417	60
14.081417	14.283500	84
14.350167	14.575167	67
14.581417	14.771000	64
14.827250	14.996000	67
15.062667	15.473083	60
15.091833	15.181417	84
15.343917	15.533500	67
15.546000	15.758500	64
15.789750	15.968917	67
16.027250	16.335583	60
16.037667	16.110583	84
16.287667	16.448083	67
16.531417	16.748083	64
16.783500	16.948083	67
17.025167	17.354333	60
17.050167	17.096000	84
17.304333	17.466833	67
17.535583	17.764750	64
17.791833	17.954333	67
18.033500	18.448083	60
18.041833	19.046000	88
18.289750	18.489750	67
18.518917	18.746000	64
18.764750	18.991833	67
19.014750	19.281417	62
19.043917	19.327250	86
19.243917	19.477249	67
19.285583	19.564751	84
19.508499	19.768917	65
19.527250	19.787666	83
19.777250	20.108500	81
19.781418	19.979332	67
20.050167	20.673082	60
20.066834	21.131416	79
20.337668	20.518917	67
20.560583	20.798082	64
20.818916	21.008499	67
21.064751	21.283501	64
21.087668	21.679333	77
21.362667	21.541832	67
21.625168	21.864750	64
21.635582	22.110582	76
21.925167	22.106417	67
22.148083	22.266832	79
22.181418	22.725166	59
22.221001	22.746000	77
22.483500	22.687668	67
22.727249	22.914749	62
22.731417	23.083500	76
22.977249	23.133499	67
23.204332	23.271000	77
23.243918	23.741833	59
23.258499	23.777250	76
23.523083	23.693916	67
23.756416	23.981417	62
23.777250	24.137667	74
24.021000	24.183500	67
24.256416	24.331417	76
24.271000	24.906418	59
24.310583	24.864750	74
24.583500	24.752251	67
24.829332	24.931418	62
24.841833	25.173082	72
25.098084	25.268917	67
25.346001	25.406418	72
25.368918	25.756416	59
25.396000	26.075167	71
25.729332	25.902250	67
26.041832	26.439751	69
26.104332	26.198082	62
26.450167	26.518917	67
26.877251	27.575167	55
26.921000	27.225166	72
27.179333	27.364750	64
27.400168	27.618918	60
27.660584	27.785584	64
27.896000	28.246000	55
27.912666	28.433500	71
28.179333	28.375168	65
28.435583	28.735582	69
28.445999	28.629334	59
28.714750	28.820999	65
28.729332	29.023083	71
28.991833	29.498083	60
29.033501	30.766832	72
29.348084	29.458500	67
29.558500	29.664749	64
29.829332	29.983500	67
30.121000	30.371000	60
30.387667	30.562668	67
30.668917	30.841833	64
30.983500	31.064751	67
31.389750	31.896000	53
31.431418	31.679333	74
31.685583	31.898083	62
31.914749	32.075167	57
32.152250	32.318916	62
32.421000	32.950167	53
32.429333	32.816834	74
32.666832	32.854332	62
32.929333	33.048082	59
33.168917	33.233500	62
33.454332	34.068916	50
33.479332	33.783501	74
33.739750	33.918917	59
33.960583	34.200167	55
34.202250	34.354332	59
34.454332	34.929333	50
34.458500	35.404331	77
34.712668	34.877251	59
34.948082	35.129334	55
35.229332	35.371000	59
35.445999	35.964748	52
35.454334	36.320999	79
35.464748	36.375168	76
35.700169	35.914749	60
35.956417	36.137669	55
36.193916	36.356419	60
36.435581	36.700169	52
36.452252	36.752251	77
36.685581	36.862667	60
36.706417	36.952252	76
36.916832	37.096001	55
36.943916	37.181416	74
37.175167	37.331417	60
37.195999	37.829334	72
37.441834	37.827252	52
37.495998	38.598084	84
37.773083	37.973084	60
38.029331	38.183498	55
38.279331	38.458500	60
38.518917	38.785584	52
38.527248	38.973084	79
38.781418	38.950169	60
39.029331	39.221001	55
39.281418	39.350166	60
39.537666	40.079334	50
39.566834	40.046002	83
39.575169	39.952252	74
39.829334	40.000168	59
40.050167	40.225166	55
40.287666	40.445999	59
40.523083	41.014752	50
40.552250	41.277248	81
40.556416	41.191834	72
40.814751	41.048084	57
41.068916	41.289749	54
41.333500	41.471001	57
41.589748	42.102249	50
41.606419	42.073082	79
41.606419	42.081417	71
41.854332	42.066834	59
42.083500	42.300167	55
42.337666	42.493916	59
42.568916	43.116833	50
42.570999	43.327252	78
42.575169	43.073082	69
42.827252	43.052250	60
43.079334	43.291832	57
43.339748	43.493916	60
43.606419	44.131416	55
43.616833	45.906418	79
43.623081	45.839748	71
43.843918	44.075169	62
44.083500	44.329334	59
44.331417	44.489750	62
44.591831	45.066834	55
44.839748	45.083500	62
45.091831	45.387669	59
45.352249	45.652248	62
45.654331	46.233502	55
46.898083	47.223084	83
47.233502	47.610584	79
47.591831	47.904331	86
48.029331	48.577252	79
48.541832	48.991833	47
48.556416	48.914749	86
48.848084	49.073082	55
49.087666	49.273083	50
49.323082	49.489750	55
49.564751	49.831417	47
49.570999	50.493916	83
49.812668	50.002251	55
50.052250	50.258499	50
50.310581	50.483502	55
50.546002	50.864750	47
50.581417	51.608502	79
50.837666	51.016834	55
51.096001	51.268917	50
51.354332	51.529331	55
51.585583	51.879334	47
51.620998	52.227249	77
51.860584	52.035584	55
52.114750	52.300167	50
52.389752	52.579334	55
52.616833	53.100166	48
52.631416	53.060581	76
52.891834	53.091831	55
53.131416	53.314751	52
53.358502	53.527248	55
53.606419	53.991833	48
53.623081	54.162666	81
53.623081	54.200169	77
53.629334	54.195999	72
53.850166	54.079334	57
54.093918	54.358502	53
54.337666	54.504334	57
54.583500	56.248081	48
54.602249	55.939751	79
54.606419	55.862667	72
54.618916	55.870998	76
54.854332	55.098084	55
55.098084	55.314751	52
55.329334	55.514752	55
55.575169	55.818916	52
55.833500	56.016834	55
56.087666	56.346001	52
56.381416	56.512669	55
56.514752	56.973084	74
56.583500	56.737667	79
56.612667	56.904331	83
56.650166	58.250168	47
56.673084	57.514752	86
56.941834	57.129334	55
57.181416	57.358502	50
57.410584	57.646000	55
57.658501	58.671002	83
57.662666	57.891834	50
57.908501	58.085583	55
58.156418	58.381416	50
58.412666	58.620998	55
58.639752	60.187668	47
58.641834	58.860584	79
58.935581	59.127251	55
59.168919	59.379334	50
59.429333	59.656418	55
59.679333	59.902248	50
59.693916	60.131416	77
59.945999	60.154331	55
60.225166	60.439751	50
60.495998	60.702252	55
60.754334	61.281418	48
60.771000	61.360584	76
61.033501	61.239750	55
61.298084	61.504334	52
61.550167	61.695999	55
61.773083	62.195999	48
61.791832	62.314751	77
61.798084	62.258499	81
61.806416	62.325169	72
62.037666	62.241833	57
62.298084	62.491833	53
62.523083	62.704334	57
62.775166	63.581417	48
62.806416	64.102249	79
62.816834	64.127251	72
62.829334	64.148083	76
63.075169	63.237667	55
63.333500	63.543919	52
63.579334	63.820999	55
63.833500	64.052250	52
64.079334	64.264752	55
64.323082	64.521000	52
64.591831	64.650166	55
64.854332	65.600166	52
64.896000	65.506416	80
64.904331	65.495998	71
64.914749	65.439751	76
65.148083	65.356419	62
65.391834	65.679333	59
65.631416	65.791832	62
65.870998	66.591831	52
65.896000	66.635582	80
65.908501	66.596001	71
65.908501	66.604332	76
66.141834	66.408501	62
66.370998	66.673084	59
66.620998	66.791832	62
66.862667	67.623081	52
66.879334	67.216831	80
66.887669	67.200169	71
66.891834	67.248081	76
67.152248	67.375168	62
67.391834	67.666836	59
67.637669	67.787670	62
67.891834	68.487667	52
67.904331	68.129330	80
67.910580	68.131420	71
68.162670	68.368916	81
68.177250	68.352253	62
68.177250	68.466831	76
68.406414	68.533497	80
68.406414	68.543919	83
68.412670	68.637669	59
68.658497	68.727253	62
68.906414	69.562664	57
68.927250	69.475170	81
68.933498	69.431416	72
68.937664	69.506420	84
69.193920	69.398083	64
69.433498	69.612667	60
69.658497	69.808498	64
69.885586	70.483502	84
69.885586	70.512669	81
69.896000	70.260586	57
70.146000	70.327252	64
70.383503	70.539753	60
70.648083	70.779331	64
70.881420	71.337666	57
70.887669	72.175167	88
70.904331	72.175167	84
71.162670	71.348080	64
71.408497	71.602253	60
71.664753	71.843914	64
71.900166	72.185581	57
72.150166	72.325169	64
72.354336	72.537670	60
72.614750	72.662670	64
72.864750	73.552250	50
72.896000	73.864750	78
73.150166	73.362667	60
73.398083	73.587666	57
73.618916	73.775166	60
73.845997	74.256420	50
73.854336	74.798084	86
74.106419	74.289753	60
74.337666	74.589748	57
74.591831	74.758503	60
74.806416	75.281414	50
74.825169	75.375164	84
75.112667	75.310581	60
75.358502	75.600170	57
75.633503	75.816830	60
75.856419	75.893917	81
75.870998	76.227253	50
76.127247	76.296002	60
76.343914	76.521000	78
76.348080	76.558498	57
76.583500	76.725170	60
76.823086	77.612667	50
76.845997	77.360584	73
77.112667	77.329334	60
77.360584	77.646000	57
77.360584	77.887669	74
77.646000	77.800167	60
77.845997	77.898083	78
77.856419	78.312664	50
78.118916	78.291836	60
78.339748	78.512669	57
78.339748	78.731419	81
78.568920	78.710583	60
78.818920	79.193920	50
78.837666	78.879330	79
79.071003	79.275166	60
79.287670	79.341831	78
79.306416	79.396000	57
79.550167	79.629330	60
79.785580	79.825169	76
79.800167	79.973080	50
80.033497	80.110584	60
80.262669	80.452252	57
80.281414	80.745998	78
80.516834	80.598080	60
80.777248	81.187664	55
80.791836	81.708500	79
81.012669	81.243916	64
81.250164	81.473080	60
81.493916	81.646000	64
81.706417	82.037670	55
81.735584	82.714748	74
81.966831	82.175167	65
82.225170	82.387669	59
82.458500	82.556416	65
82.671002	83.158497	60
82.716831	84.933498	76
82.925167	83.106419	67
83.177250	83.339748	64
83.425167	83.591831	67
83.683498	83.887669	60
83.946003	84.079334	67
84.233502	84.446003	64
84.587666	84.791836	67
84.966831	85.412670	60
84.970997	85.460583	79
85.252247	85.421002	67
85.477253	85.654331	64
85.729336	85.864750	67
85.946003	86.341831	60
85.970997	86.177250	77
86.212666	86.406414	69
86.452252	86.660580	65
86.696003	86.864750	69
86.923084	87.289753	60
86.952252	87.216831	76
87.198086	87.396000	67
87.435581	87.620998	64
87.683498	87.910580	67
87.900166	88.202252	59
87.935581	88.298084	74
88.168919	88.366833	67
88.383503	88.523083	62
88.400166	88.487667	76
88.500164	88.641834	74
88.652248	88.760586	72
88.666836	88.796002	67
88.798084	88.962666	74
88.943920	89.279331	60
88.962666	89.289753	72
89.229336	89.398083	67
89.468914	89.646000	64
89.696003	89.850170	67
89.929333	90.402248	60
89.948086	90.237667	72
90.187664	90.354336	69
90.433498	90.568920	65
90.679333	90.852253	69
90.923084	91.256420	60
90.939747	92.435581	72
91.198086	91.383503	67
91.439747	91.610584	64
91.691830	91.854336	67
91.929333	92.208500	60
92.175167	92.370998	67
92.414753	92.581417	64
92.666836	92.741833	67
92.906414	93.348080	57
92.952252	93.135586	79
93.177250	93.387669	69
93.198086	93.312664	64
93.400166	93.558498	61
93.412670	93.654331	73
93.639752	93.825169	64
93.652248	93.923084	69
93.879330	94.164753	57
93.904331	94.089748	79
94.120998	94.354336	69
94.152248	94.275166	64
94.352253	94.454334	61
94.362667	94.556416	73
94.598080	94.831417	69
94.608502	94.710583	64
94.843914	95.104336	57
94.845997	95.043919	81
95.079334	95.279331	69
95.112667	95.210583	64
95.291836	95.498081	61
95.304333	95.768917	73
95.539753	95.650166	69
95.546002	95.693920	64
95.756420	95.823086	82
95.768917	95.981419	57
96.006420	96.146000	69
96.008503	96.108502	67
96.033497	96.177250	64
96.218914	96.368916	81
96.231419	96.329334	61
96.448086	96.510586	64
96.448086	96.700169	69
96.671002	97.227253	57
96.700169	96.970997	81
96.929333	97.114750	69
96.931416	97.106419	65
97.162670	97.304333	62
97.166836	97.343914	74
97.379330	97.539753	69
97.396000	97.546002	65
97.610584	97.804333	77
97.610584	97.806416	57
97.821003	98.050167	69
97.883503	97.979336	65
98.066830	98.243916	62
98.068920	98.281414	74
98.298084	98.454334	69
98.302250	98.396000	65
98.546002	98.818920	57
98.552250	98.671002	74
98.775166	98.873081	65
99.010586	99.185581	69
99.012669	99.075169	62
99.216831	99.410580	65
99.229336	99.341831	57
99.466831	99.668919	74
99.475170	99.571003	62
99.664753	99.833500	57
99.681416	99.854336	65
99.923084	100.156414	69
99.927250	99.977253	62
100.158497	100.325169	65
100.379330	101.120998	43
100.460583	100.635586	71
100.689747	100.854336	62
100.708500	100.935581	50
100.923084	101.077252	55
100.923084	101.141834	65
101.120998	101.310581	62
101.123081	101.308498	50
101.350170	101.593914	69
101.368916	101.516834	55
101.589748	101.771000	62
101.610584	101.712666	50
101.835583	102.066830	65
101.850170	102.018917	55
102.087666	102.265011	62
102.300167	103.100170	43
102.333500	102.525166	67
102.575169	102.806416	59
102.627247	102.739750	55
102.825169	103.023083	50
102.825169	103.058498	62
103.060581	103.216831	59
103.071003	103.212666	55
103.306416	103.556416	65
103.323086	103.789753	43
103.533497	103.808498	59
103.593914	103.693920	55
103.783497	103.902248	50
103.808498	104.037670	67
104.085583	104.304333	59
104.298084	104.902248	36
104.350170	104.643917	67
104.377247	104.595997	64
104.641834	104.825169	60
104.718914	104.927250	43
104.866833	105.118916	62
105.102253	105.291836	60
105.352253	105.537670	67
105.354336	105.602253	48
105.375164	105.552250	64
105.585583	105.804333	60
105.595997	105.752247	55
105.837666	106.062664	62
105.848080	106.035580	48
106.075169	106.310581	60
106.079334	106.243916	55
106.331417	106.604336	67
106.331417	106.643917	48
106.337666	106.602253	64
106.562664	106.748081	60
106.608502	106.739750	55
106.833500	107.010586	62
106.858502	107.054333	48
107.068920	107.229336	60
107.073086	107.189747	55
107.341831	107.506420	64
107.356419	107.458500	52
107.558498	107.739750	60
107.583500	107.691830	55
107.833500	108.095997	62
107.845997	107.912670	52
108.110584	108.160580	60
108.437664	108.995998	52
108.464748	108.739750	74
108.704334	108.908497	64
108.745998	108.918919	62
108.948086	109.168919	68
108.962666	109.175167	59
109.164753	109.348080	64
109.169178	109.335583	62
109.385586	109.608502	71
109.385586	109.783497	52
109.614750	109.839748	64
109.629330	109.806416	62
109.844174	110.029331	59
109.866833	110.046002	68
110.081417	110.245998	62
110.106419	110.335583	64
110.327252	110.679333	52
110.345997	110.531414	76
110.591831	110.837666	64
110.602253	110.800167	62
110.814747	111.000164	59
110.827252	111.068920	68
111.043919	111.327252	64
111.048084	111.231419	62
111.289753	111.712666	52
111.300167	111.562664	74
111.546002	112.058498	64
111.558498	111.754330	62
111.793919	111.927250	59
112.031414	112.354336	76
112.283497	112.964748	45
112.350170	112.423084	72
112.571003	112.764752	60
112.623081	112.810581	52
112.825169	113.033497	64
112.829334	113.017094	57
113.025166	113.250164	52
113.033497	113.296002	60
113.250164	113.729336	43
113.300167	113.543919	64
113.539753	113.785580	60
113.554333	113.737667	55
113.768917	113.954334	52
113.802250	114.058498	64
114.016834	114.068920	55
114.060581	114.108502	60
114.391834	114.737667	42
114.456417	114.868916	76
114.741833	114.793919	54
114.760586	114.906414	64
114.993916	115.243916	54
115.000164	115.204334	69
115.225170	115.433498	64
115.271000	115.473080	57
115.510586	115.989750	72
115.516834	115.662670	60
116.348080	116.433498	69
116.441830	116.581417	71
116.533497	117.216831	53
116.535580	117.227253	72
117.075169	117.218914	65
117.085583	117.271000	60
117.381420	117.475170	69
117.481419	117.604336	71
117.577252	118.260586	53
117.593914	118.083500	72
118.098080	118.220997	65
118.106419	118.333500	60
118.421002	118.546002	69
118.600170	118.798084	71
118.775166	120.514752	52
118.808498	119.198086	72
119.296002	120.539753	60
119.362667	119.506420	64
119.856419	120.518917	64
119.873081	120.516834	67
119.873081	120.564747	72
120.818920	121.725170	65
120.885586	121.112667	69
120.923084	121.696003	62
120.935581	121.729336	50
120.943920	121.725170	57
120.958500	121.798084	72
122.120998	122.733502	72
122.131420	122.427250	55
122.139752	122.362667	43
122.735584	122.866833	55
122.752247	122.868916	62
122.756420	123.366833	71
123.275166	123.654331	48
123.354336	124.514752	72
123.862667	123.933498	55
123.866833	123.941830	60
124.404331	125.000164	60
124.412670	124.943920	64
124.979336	125.179333	67
125.006420	125.129330	72
125.550167	125.893917	62
125.575169	125.764752	78
125.821003	125.979336	72
125.831417	126.016834	74
126.048084	126.256420	78
126.058498	126.198086	69
126.279331	126.512669	74
126.293919	126.460583	72
126.531414	126.741833	62
126.533497	126.718914	84
126.756420	126.952252	74
126.766834	126.912670	72
126.979336	127.204334	69
126.989750	127.156414	78
127.210583	127.421002	74
127.218914	127.354336	72
127.460583	127.627247	86
127.473080	127.629330	62
127.693920	127.860584	74
127.714748	127.862667	72
127.918919	128.093914	78
127.923084	128.131420	69
128.154331	128.308498	74
128.164753	128.275166	72
128.410580	128.456417	84
128.414753	128.481419	62
128.625164	128.691830	81
128.633503	128.708500	72
128.848080	128.966831	69
128.866833	129.006420	78
129.068920	129.127247	72
129.085583	129.243916	74
129.318920	129.583500	62
129.333500	129.481419	79
129.541836	129.700169	74
129.562664	129.693920	71
129.760586	129.883503	67
129.768917	129.918919	79
129.970997	130.104336	74
129.975170	130.112667	71
130.208500	130.366833	62
130.220997	130.362667	83
130.431416	130.641834	74
130.475170	130.614750	71
130.677250	130.833500	67
130.691830	130.858502	79
130.908497	131.152248	74
130.925167	131.095997	71
131.168919	131.533497	86
131.175167	131.400166	62
131.408497	131.606419	74
131.414753	131.558506	71
131.612660	131.760578	67
131.635578	131.829334	79
131.850163	132.004337	71
131.858494	132.002247	74
132.083500	132.164753	62
132.110584	132.173084	84
132.325169	132.425160	71
132.333500	132.414753	83
132.558506	132.650166	67
132.566837	132.698078	79
132.795994	132.948078	74
132.804340	132.896000	71
133.031422	133.202244	78
133.035587	133.183506	62
133.268910	133.364750	72
133.271000	133.435581	74
133.493916	133.606419	69
133.493916	133.685581	78
133.716831	133.852253	72
133.720997	133.868916	74
133.948078	134.154331	81
133.950169	134.148090	62
134.160587	134.425160	74
134.185581	134.339756	72
134.379337	134.575169	69
134.393910	134.600163	78
134.604328	134.735584	72
134.614750	134.804340	74
134.843922	135.060581	62
134.852253	135.035587	84
135.081410	135.289753	74
135.095997	135.225163	72
135.283497	135.506413	69
135.300160	135.550160	78
135.539753	135.720997	72
135.539753	135.787663	74
135.800160	135.996006	88
135.810581	135.987660	62
136.037663	136.102253	86
136.039753	136.160587	72
136.264744	136.427250	69
136.271000	136.510578	86
136.279331	136.462666	83
136.516834	136.568913	72
136.516834	136.737660	84
136.525166	136.712666	81
136.748081	137.041828	67
136.783497	137.137669	86
136.791828	137.100163	83
137.025166	137.127247	74
137.235584	137.385578	71
137.250172	137.343922	79
137.254337	137.341831	83
137.456410	137.593922	74
137.687672	137.893910	67
137.702244	137.743916	84
137.706410	137.748081	81
137.966831	138.039753	74
138.152256	138.285587	71
138.162663	138.235584	79
138.168919	138.279331	83
138.385578	138.541828	74
138.396000	138.498081	81
138.396000	138.568913	84
138.633503	138.856419	67
138.652256	139.016834	83
138.652256	139.304340	86
138.887669	139.021000	74
139.110584	139.300160	71
139.368916	139.491840	74
139.589756	139.956410	67
139.623081	140.029331	85
139.881413	140.048084	74
140.118916	140.312672	71
140.143910	140.441837	86
140.431416	140.614750	74
140.633503	140.818913	77
140.704334	140.985584	81
140.706410	141.143910	65
140.760578	141.341831	86
141.004337	141.173084	74
141.223087	141.377247	69
141.439747	141.595997	74
141.675160	141.989750	86
141.689747	141.931416	65
141.693913	142.185581	81
141.704334	142.156422	77
141.943913	142.121006	74
142.154331	142.333500	69
142.385578	142.529331	74
142.406422	142.716831	89
142.408497	142.554340	91
142.633503	142.896000	64
142.652256	143.075169	88
142.914753	143.114750	76
143.150166	143.348087	68
143.391834	143.554340	76
143.623081	143.804340	71
143.627247	144.168919	83
143.883503	144.050160	76
144.095997	144.227253	71
144.321003	144.412663	76
144.335590	144.446003	84
144.448078	144.577244	86
144.527256	144.798084	69
144.552250	145.162663	84
144.779331	144.950169	76
145.002247	145.160587	72
145.235584	145.393910	76
145.462666	145.506413	83
145.464756	145.568913	69
145.704334	145.814747	76
145.920994	146.060581	72
146.146000	146.285587	76
146.356419	146.593922	69
146.364750	148.079334	81
146.608494	146.718922	76
146.827244	146.933506	72
147.077244	147.235584	76
147.314747	147.577244	69
147.560581	147.768910	76
147.839756	148.060841	72
148.079334	148.127247	76
148.385578	148.791828	59
148.420994	148.691837	79
148.650166	148.879337	67
148.885578	149.060581	62
149.104328	149.250172	67
149.333500	149.800160	55
149.343922	149.720997	79
149.352253	149.958500	71
149.573078	149.814747	67
149.806416	150.114750	62
150.039753	150.212666	67
150.237660	150.600163	71
150.312672	150.589756	74
150.318913	150.766834	55
150.366840	150.543919	80
150.646000	150.823078	67
150.827244	150.989750	62
150.850163	151.152256	79
150.864750	151.158497	74
151.075169	151.275166	67
151.308506	151.496006	59
151.568913	151.746006	67
151.787663	152.223087	77
151.791828	151.937672	62
151.793919	152.191837	74
152.014744	152.185581	67
152.237660	152.693913	60
152.248081	153.089756	76
152.260578	153.048084	72
152.491840	152.696003	67
152.712666	152.931416	64
152.952244	153.114750	67
153.183506	153.483494	62
153.200169	154.002247	77
153.208500	154.168919	74
153.435581	153.646000	67
153.696003	153.937672	65
153.937672	154.158497	67
154.185581	154.423084	64
154.202244	155.200169	79
154.204334	155.183506	76
154.425160	154.627247	67
154.689747	154.877247	64
154.908497	155.135578	67
155.168919	155.360584	64
155.183506	155.287663	71
155.433506	155.600163	67
155.637669	155.800160	64
155.673084	156.252247	72
155.904331	155.950169	67
156.181416	156.637669	53
156.229328	156.429340	77
156.446003	156.656422	69
156.452244	156.593922	65
156.664753	156.825169	60
156.679340	156.916828	72
156.891834	157.048084	65
156.898090	157.135578	69
157.137669	157.658497	53
157.141834	157.460590	77
157.385578	157.629337	69
157.402256	157.568913	65
157.616840	157.808506	60
157.633503	157.887669	72
157.827244	157.985584	65
157.879337	158.156422	76
158.125172	158.414753	55
158.135578	158.381413	74
158.377247	158.537663	65
158.381413	158.602253	67
158.602253	158.764744	59
158.612660	158.887669	71
158.837666	159.029331	65
158.841831	159.071003	67
159.089756	159.385578	55
159.098087	159.420994	74
159.352253	159.529331	65
159.352253	159.610584	67
159.568913	159.787663	59
159.585590	159.816837	71
159.833500	159.989750	67
159.841831	159.910587	65
160.079334	160.452244	59
160.100163	160.335590	79
160.325169	160.504337	67
160.327244	160.514744	71
160.541828	160.729328	62
160.554340	160.789753	74
160.781422	160.966831	67
160.781422	161.000172	71
161.021000	161.212666	62
161.043919	161.548084	77
161.043919	161.568913	74
161.264744	161.446003	67
161.489750	161.675160	62
161.754337	161.923084	67
161.764744	161.906422	76
162.039753	162.783497	60
162.048084	162.718922	76
162.052250	162.664753	72
162.295994	162.531422	67
162.518910	162.737660	64
162.771000	162.931416	67
162.989750	163.150166	69
163.025166	163.098087	64
163.223087	163.470997	71
163.239750	163.389744	67
163.468922	163.625172	72
163.470997	163.529331	64
163.973087	164.595997	53
163.998081	164.239750	72
164.233494	164.448078	67
164.275166	164.429340	60
164.485584	164.748081	69
164.487660	164.658497	65
164.704334	164.818913	60
164.727253	164.931416	67
164.985584	165.212666	65
165.023090	165.591831	72
165.873081	165.977253	67
165.937672	166.039753	69
165.981419	166.433506	55
166.010578	166.237660	74
166.264744	166.431416	62
166.264744	166.483494	65
166.477253	166.791828	67
166.498081	166.700169	59
166.725163	167.004337	65
166.741840	166.948078	62
167.029331	167.212666	71
167.048084	167.112660	59
167.789753	167.950169	64
167.912663	168.033497	67
167.998081	168.350163	48
168.023090	168.177250	72
168.266834	168.412663	64
168.298084	168.458500	60
168.512669	168.666828	55
168.521000	168.756413	67
168.720997	168.850163	60
168.748081	168.883503	64
168.989750	169.077244	72
168.996006	169.200169	48
169.212666	169.368916	60
169.216831	169.358494	65
169.437672	169.537663	57
169.464756	169.591831	67
169.679340	169.843922	60
169.687672	169.791828	65
169.916828	169.998081	72
169.925160	170.010578	48
170.141834	170.252247	60
170.146000	170.229328	64
170.377247	170.452244	67
170.381413	170.460590	55
170.591831	170.731419	60
170.612660	170.689747	64
170.823078	170.912663	72
170.839756	170.900166	48
171.068913	171.196003	60
171.081410	171.212666	65
171.293919	171.412663	57
171.310581	171.429340	67
171.537663	171.639744	65
171.568913	171.648090	60
171.845997	171.979328	60
171.845997	171.985584	72
171.852253	171.964756	64
171.852253	171.966831	55
171.852253	171.975163	67
171.866840	171.958500	48
172.393910	172.504337	72
172.396000	172.496006	60
172.406422	172.477253	67
172.416828	172.473087	55
172.416828	172.477253	64
172.420994	172.487660	48
173.083500	173.839756	72
173.091831	173.877247	67
173.104328	173.775166	48
173.104328	173.835590	64
173.123081	173.668919	60
173.123081	173.720997	55
