1.819988	1.895000	66
2.207500	2.484600	69
2.863750	2.980388	69
3.201274	3.517925	69
3.524150	3.876262	66
3.524150	5.363750	57
3.540813	5.386638	50
3.861675	4.236675	69
4.238750	4.632488	71
4.849163	4.938762	71
5.176250	5.828350	66
5.822063	6.211650	64
6.117900	8.303325	43
6.153362	8.347087	50
6.184612	8.395000	55
6.211650	6.684612	62
7.251262	8.240825	61
7.267925	8.001262	59
8.228313	9.076274	59
8.228313	9.101238	62
9.201274	9.772075	54
9.222087	9.682476	47
9.857524	9.978313	66
10.153362	11.455425	50
10.155437	11.474163	57
10.205425	10.707500	69
10.211650	10.770000	62
11.136638	11.507488	69
11.163738	11.547100	62
11.474163	11.813762	66
11.805400	12.180400	69
12.024150	13.647075	43
12.128337	13.642925	50
12.132488	13.692913	55
12.161663	12.976238	59
12.213726	13.097087	62
12.276226	13.126262	71
13.082500	13.801250	66
13.774150	14.136638	64
14.130413	15.228313	62
15.134563	16.097087	61
16.076274	18.240825	62
16.097087	18.667888	57
16.099163	18.732524	50
16.115825	18.605388	54
18.944988	19.013774	78
19.199138	19.311687	78
19.282512	20.163738	50
19.303325	19.978313	81
19.924175	20.205425	57
20.234600	20.515850	81
20.236675	20.319988	62
20.509563	20.717937	66
20.538738	20.851238	78
20.845012	20.915813	69
20.855388	20.947063	81
21.130413	21.238750	81
21.213726	21.697063	83
21.513774	22.130413	59
21.811687	22.157512	83
21.811687	22.203350	66
22.130413	22.736675	78
22.136638	22.374187	62
22.149150	22.351238	71
22.734600	23.101238	76
23.047100	23.649150	55
23.086650	23.542888	74
23.388774	23.659587	62
23.678325	23.884563	67
23.972087	24.311687	57
23.994976	24.617900	76
24.303325	24.376262	69
24.307476	24.369976	64
24.597087	24.792888	81
24.805400	24.951274	74
24.878337	25.047100	76
24.911663	25.967937	62
24.915813	25.247112	69
24.942913	25.197063	78
24.955425	25.565837	66
25.742900	25.853313	88
25.807476	25.972087	90
25.834575	25.959575	69
25.949138	26.111675	88
26.132488	26.199138	86
26.261638	26.380413	85
26.434612	26.795024	83
26.792888	27.147075	81
26.795024	27.217937	62
27.130413	27.747112	66
27.426250	27.863750	74
27.713726	27.926250	81
28.001262	28.303325	78
28.095012	28.167888	69
28.303325	28.640850	81
28.634563	30.007488	59
28.657512	28.909587	83
28.932476	29.420024	66
29.242900	29.432476	81
29.290813	29.374187	71
29.557476	30.080425	66
29.580425	30.020000	78
29.584575	30.024150	71
29.601238	30.032512	62
30.165813	30.215862	76
30.222087	30.299175	78
30.307476	30.438762	76
30.434612	31.057476	55
30.457500	30.911663	74
30.786663	31.078350	62
31.088726	31.249187	67
31.369976	31.869976	57
31.395000	31.934612	76
31.709575	31.834575	64
32.022075	32.101238	69
32.207500	32.276226	74
32.351238	32.859600	62
32.355388	33.345012	74
32.686687	32.953350	66
33.001262	33.232524	69
33.301250	33.440837	66
33.611675	33.692913	69
33.903362	34.103313	71
34.213726	34.817913	55
34.226238	34.707500	71
34.242900	34.742900	74
34.542888	34.861675	62
34.840862	35.095012	67
35.142925	35.763774	57
35.174175	35.586650	76
35.447063	35.686687	64
35.451274	35.799175	78
35.740825	35.795024	69
35.938762	36.115825	81
36.099163	37.232524	78
36.119976	36.515850	50
36.420024	36.595012	57
36.690837	36.751262	62
37.024150	37.711650	66
37.036663	37.665813	69
37.736675	37.876262	78
37.917888	38.099163	81
38.061687	38.330425	55
38.097087	38.609600	83
38.392925	39.199138	62
38.659587	39.113750	67
38.674175	38.980388	81
39.003337	39.182476	71
39.009563	39.351238	83
39.484600	39.615825	81
39.659587	39.990825	76
39.972087	40.574138	69
39.972087	40.595012	66
39.980388	40.597087	62
39.994976	41.188762	78
40.959575	41.372112	62
40.959575	41.455425	66
40.967937	41.384563	69
41.628337	42.051250	74
41.934612	42.399150	52
42.017925	42.545024	76
42.305400	42.461650	59
42.586650	42.657512	64
42.592937	42.922100	74
42.926250	43.424175	67
42.940837	43.151226	76
43.605388	43.957500	71
43.917888	45.528362	52
43.949138	44.397075	76
44.401226	44.580425	78
44.553325	44.703350	76
44.701274	44.869976	74
44.869976	45.349163	71
44.882488	45.140850	59
45.220012	45.457500	64
45.549175	45.636638	59
45.761638	46.132488	71
46.032512	46.478313	45
46.109600	46.357524	76
46.444988	46.494976	52
46.470012	46.522075	76
46.776226	46.897075	76
47.086650	48.122112	57
47.101238	47.742900	76
47.107524	48.232524	64
47.138774	48.128337	69
47.692913	48.367900	78
48.365825	48.609600	83
48.595012	49.619976	57
48.728313	49.692913	64
48.776226	49.486675	73
48.784587	49.597087	69
48.824138	49.428325	76
48.861675	49.415813	81
50.476238	50.830425	66
50.822063	51.432476	38
50.832500	51.067913	69
50.840862	51.040813	62
51.161663	51.430400	45
51.453350	51.736675	78
51.461650	51.624187	69
51.778362	51.832500	81
51.786663	51.838726	74
52.061687	52.651226	50
52.345012	52.605388	57
52.638774	52.755413	66
52.640850	53.005413	54
52.678325	53.136638	71
52.680400	53.013774	62
53.226238	53.522075	71
53.540813	54.032512	47
53.565837	54.095012	66
53.865825	54.015850	54
54.145000	54.205425	64
54.207500	54.309612	66
54.292888	54.451274	64
54.415813	55.055400	43
54.451274	54.738750	62
54.784587	54.992900	50
54.942913	55.013774	55
55.057476	55.138774	59
55.203350	55.324138	62
55.347087	55.830425	67
55.372112	55.909587	59
55.674175	56.153362	43
55.690837	56.109600	55
56.034587	56.186687	50
56.359600	57.678325	66
56.367900	56.832500	38
56.905437	56.972087	45
57.234600	57.784587	50
57.276226	57.603313	57
57.536663	57.811687	54
57.838726	57.980388	57
58.072063	58.697063	62
58.117900	58.351238	66
58.182476	59.453350	50
58.205425	58.703350	69
58.528362	58.888774	57
58.830425	59.415813	54
58.863750	59.474163	62
59.167888	59.584575	69
59.655437	59.824138	66
59.815837	60.211650	69
60.136638	61.188762	47
60.188762	60.524150	71
60.497112	60.738750	54
60.797100	61.067913	71
60.801250	61.147075	59
61.117900	61.561687	66
61.422100	61.522075	59
61.422100	61.563762	54
61.720012	61.774150	64
61.780437	61.899150	66
61.861675	62.028362	64
62.007488	62.630413	43
62.013774	62.542888	62
62.340862	62.663738	50
62.638774	62.694988	55
62.942913	63.503337	45
62.951274	63.309612	57
62.951274	63.392925	69
62.955425	63.307476	64
63.311687	63.490825	52
63.457500	63.613750	66
63.619976	63.763774	64
63.770000	63.861675	62
63.942913	65.111675	50
63.951274	64.953350	62
64.249187	64.449138	57
64.572063	64.661663	54
64.897075	65.192913	57
65.228313	65.369976	50
65.509563	65.572063	59
65.661663	65.738750	59
65.847087	66.282512	59
65.855388	66.244976	62
65.855388	66.497112	43
66.180400	66.517925	50
66.484600	66.542888	62
66.484600	66.561687	55
66.499187	66.582500	59
66.801250	67.576274	45
66.822063	67.047100	61
66.832500	67.067913	64
67.149150	67.455425	52
67.322063	67.374187	66
67.332500	67.388774	62
67.457500	67.672100	66
67.457500	67.861675	69
67.809612	69.017925	50
67.828350	68.961650	66
67.834575	68.386638	62
68.138774	68.442913	57
68.434612	69.065837	54
68.755413	68.984600	62
69.065837	69.222087	57
69.367900	69.540813	66
69.540813	69.632488	69
69.655437	69.774150	66
69.707500	70.088726	43
69.713726	70.369976	71
70.042888	70.095012	50
70.332500	70.678325	69
70.651226	71.028362	55
70.659587	70.886638	59
70.667888	70.974163	71
70.976238	71.140850	69
70.978313	71.038738	62
71.307476	71.365825	59
71.488750	71.607524	64
71.636638	73.151226	66
71.649150	72.730388	50
71.663738	71.928325	62
71.963726	72.259563	54
72.261638	72.530437	57
72.607524	72.788738	62
72.915813	73.005413	57
73.209575	73.261638	50
73.238750	73.307476	62
73.507488	73.705425	62
73.557476	74.080425	40
73.582500	74.170024	64
73.903362	74.109600	47
74.209575	74.270000	52
74.513774	75.142925	64
74.809612	75.090862	52
74.830425	75.017925	59
75.109600	75.186687	55
75.138774	75.517925	62
75.457500	76.197063	52
75.484600	76.049175	64
75.776226	76.084575	55
76.097087	76.392925	66
76.103313	76.190837	59
76.434612	77.097087	64
77.086650	77.453350	62
77.390850	78.009563	45
77.467937	77.667888	64
77.751262	77.874187	64
77.751262	78.015850	52
78.042888	78.142925	64
78.072063	78.134563	57
78.359600	78.640850	64
78.653362	78.838726	66
78.965862	79.365825	71
79.326274	81.313762	61
79.330425	81.184612	57
79.332500	81.249187	64
79.378337	80.759563	69
81.882488	83.061687	78
81.890850	83.097087	62
82.203350	83.032512	66
82.522075	82.895000	69
82.824138	83.090862	74
83.099163	83.403362	69
83.390850	83.740825	66
83.701274	84.474163	78
84.011638	84.499187	62
84.261638	84.830425	66
84.574138	84.853313	74
84.832500	84.976238	69
85.122112	85.461650	76
85.428325	86.584575	59
85.465862	86.124187	74
85.749187	86.397075	66
86.047100	86.397075	71
86.353313	86.684612	74
86.653362	86.836650	71
86.657512	86.974163	73
86.903362	87.080425	66
86.938762	87.290813	74
87.224163	88.436687	59
87.270000	87.757488	78
87.559612	87.897075	62
87.865825	88.399150	66
88.155437	88.480388	71
88.434612	88.565837	62
88.732524	89.055400	76
89.040813	90.407512	55
89.053325	89.392925	74
89.345012	90.057476	62
89.651226	90.032512	67
89.955425	90.592937	74
89.959575	90.632488	69
89.970012	90.597087	71
90.259563	90.538738	67
90.542888	90.786663	62
90.838726	92.092937	55
90.847087	91.180400	67
90.849163	91.359600	69
90.853313	91.365825	74
91.147075	91.463726	62
91.459575	91.845012	67
91.747112	91.882488	74
91.755413	91.830425	69
91.886638	92.049175	76
92.053325	92.201274	78
92.342937	92.397075	62
92.353313	92.503337	78
92.676250	94.215862	57
92.678325	93.432476	76
92.978313	93.530437	64
93.278362	93.661663	69
93.588726	94.488750	71
93.890850	94.180400	69
94.167888	94.451274	64
94.472087	95.828350	57
94.482524	95.020000	73
94.488750	94.878337	69
95.078350	95.420024	64
95.101238	95.486675	74
95.447063	95.757488	76
95.453350	95.803325	69
95.749187	95.876262	64
95.749187	96.226238	83
96.345012	96.520000	81
96.703350	97.403362	81
96.709575	97.388774	78
96.711650	97.955425	62
97.028362	97.851238	66
97.351238	97.828350	74
97.636638	98.072063	81
97.638774	98.086650	78
97.645000	98.130413	76
97.944988	98.130413	69
98.197063	98.399150	66
98.509563	99.532512	62
98.540813	98.876262	81
98.549175	98.994976	76
98.553325	98.986675	78
98.838726	99.040813	66
99.126262	99.340862	69
99.420024	99.622112	86
99.428325	99.663738	74
99.703350	99.849163	85
99.744976	99.936687	69
99.834575	100.036663	86
99.932476	100.084575	85
100.063762	100.240825	81
100.211650	100.357524	78
100.369976	101.913738	55
100.374187	100.724163	81
100.701274	101.326274	62
101.003337	101.351238	67
101.305400	102.063762	74
101.309612	102.032512	71
101.905437	102.092937	67
102.242900	102.803325	74
102.242900	102.842937	71
102.253337	103.647075	55
102.255413	102.855388	67
102.897075	103.197063	62
103.209575	103.659587	76
103.217937	103.684612	71
103.226238	103.657512	67
103.576274	103.744976	62
103.911663	104.444988	78
104.420024	105.486675	52
104.438762	104.938762	79
104.467937	104.886638	74
104.797100	105.213726	59
105.103313	105.397075	64
105.392925	106.124187	74
105.405437	105.992900	67
106.061687	106.351238	59
106.063762	106.855388	64
106.363750	107.701274	52
106.372112	106.895000	74
106.386638	106.924175	67
106.397075	106.884563	71
107.026226	107.322063	59
107.328350	107.609600	74
107.340862	107.584575	67
107.340862	107.649150	64
107.628337	107.851238	76
107.653362	107.747112	59
107.663738	107.878337	71
107.947063	108.197063	78
108.267925	109.415813	45
108.288738	108.730388	76
108.292888	108.705425	73
108.609600	109.376262	52
108.928325	109.297100	57
109.242900	109.607524	61
109.534587	109.882488	62
109.840862	109.972087	64
110.124187	111.455425	45
110.199138	110.878337	64
110.230388	110.549175	61
110.780437	111.422100	52
111.132488	111.522075	61
111.159587	111.522075	57
112.111675	112.661663	43
112.138774	112.682476	55
112.151226	112.622112	62
112.174175	112.676250	59
112.788738	113.113750	62
112.792888	112.953350	59
112.957500	113.572063	45
113.051250	113.507488	52
113.080425	113.480388	57
113.130413	113.534587	61
113.130413	113.563762	64
113.515850	113.940837	62
113.959575	114.132488	61
114.155437	115.392925	62
114.157512	115.232524	54
114.172100	115.244976	47
114.174175	115.347087	59
115.605388	115.697063	59
115.867900	116.513774	43
115.932476	116.559612	50
115.974163	116.509563	55
116.003337	116.494976	62
116.005413	116.520000	59
116.670024	116.805400	62
116.705425	116.774150	59
116.815837	117.359600	45
116.911663	117.122112	59
116.920024	117.424175	52
116.940837	117.411663	57
116.955425	117.276226	62
117.020000	117.244976	66
117.361675	117.636638	64
117.672100	117.830425	66
118.011638	119.192913	50
118.015850	118.449138	66
118.020000	119.115825	57
118.028362	118.449138	62
119.317913	119.665813	66
119.330425	119.663738	62
119.628337	119.801250	69
119.738750	120.388774	43
119.872112	120.415813	50
119.884563	120.230388	62
119.920024	120.463726	55
119.926250	120.182476	67
120.045024	120.395000	71
120.622112	120.759563	71
120.790813	121.276226	45
120.897075	121.288738	52
120.901226	121.119976	61
120.922100	121.338726	57
120.959575	121.140850	64
120.988750	121.180400	67
121.055400	121.178325	71
121.374187	121.517925	73
121.880413	122.109600	71
122.072063	122.532512	57
122.076274	122.532512	50
122.086650	122.497112	69
122.086650	122.549175	54
122.417888	123.126262	66
122.751262	122.888774	49
123.132488	123.932476	47
123.138774	123.636638	62
123.157512	123.932476	54
123.932476	124.067913	62
124.347087	125.130413	43
124.380413	125.257488	50
124.384563	125.205425	55
124.413738	125.213726	59
124.413738	125.288738	62
125.447063	126.072063	43
125.507488	126.095012	50
125.534587	126.022075	55
125.611675	125.924175	58
125.615825	126.080425	62
126.422100	126.572063	64
126.686687	128.622112	38
126.747112	128.592937	45
126.782512	128.590862	50
126.840862	128.630413	62
126.863750	127.861675	54
