3.920000	8.132500	25
5.803333	7.580417	37
5.870000	7.080417	44
5.874167	7.180417	56
5.890833	7.128333	51
7.499167	7.967917	49
7.930417	8.663750	44
8.182500	8.334583	37
8.367917	8.528333	32
8.515833	11.455417	25
9.322083	11.320000	37
9.365833	10.503333	44
9.426250	10.317917	49
9.436667	10.526250	51
9.459583	10.265833	57
11.224167	11.417917	56
11.357500	11.497083	51
11.442917	11.565833	49
11.536667	11.978333	45
11.611667	11.784583	37
11.745000	14.215833	25
12.603333	14.072083	37
12.670000	12.740833	44
12.753333	12.878333	49
12.759583	12.874167	51
12.836667	12.911667	59
13.905417	14.142917	58
14.117917	14.234583	54
14.209583	14.320000	51
14.284583	14.395000	47
14.338750	14.478333	37
14.428333	14.509583	25
15.430417	17.147083	25
15.588750	17.036667	37
15.822083	16.626250	61
15.826250	16.515833	64
15.830417	16.584583	56
15.830417	16.672083	52
16.586667	16.803333	63
16.790833	16.897083	61
16.874167	16.957500	56
16.997083	17.065833	52
17.082500	17.203333	51
17.190833	17.311667	49
17.297083	17.374167	44
17.399167	17.495000	40
17.465833	17.570000	37
17.536667	20.688749	25
17.845000	17.957500	40
17.922083	18.070000	44
17.997084	18.138750	49
18.078333	18.155416	51
18.215834	18.365833	52
18.330418	18.503332	56
18.422083	18.570000	61
18.486668	18.624166	63
18.555418	19.280416	64
19.390833	19.590834	63
19.626249	19.761667	61
19.761667	19.897083	56
19.917917	19.974167	52
20.030416	20.184584	51
20.186666	20.317917	49
20.305418	20.451250	44
20.467916	21.261667	40
20.663750	20.980417	37
20.940832	21.661667	25
21.594999	22.728332	51
21.601250	22.815832	44
21.607500	22.782499	39
21.978332	23.622084	23
21.980417	23.657499	35
23.317917	23.930418	63
23.317917	23.940832	51
23.326250	23.930418	59
24.213751	24.372084	35
24.222082	24.357500	51
24.222082	24.380417	63
24.242918	24.351250	42
24.242918	24.353332	59
24.245001	24.374166	47
24.511667	24.624166	51
24.515833	24.626249	63
24.524168	24.603332	47
24.524168	24.611668	35
24.526251	24.586668	42
24.534582	24.603332	59
24.724167	24.817917	51
24.724167	24.842916	63
24.732500	24.797083	35
24.738750	24.795000	47
24.742918	24.811666	59
24.759582	24.811666	42
24.961668	25.228332	34
24.965834	25.228332	46
24.972082	25.209583	49
24.976250	25.217916	56
24.980417	25.215834	61
24.995001	25.236668	42
25.336668	25.497084	49
25.336668	25.499166	56
25.336668	25.542917	61
25.340834	25.486668	46
25.340834	25.499166	42
25.347082	25.488750	34
25.636667	25.761667	46
25.638750	25.709583	34
25.649168	25.747084	61
25.651251	25.732500	49
25.661667	25.738750	42
25.663750	25.807501	56
25.947082	26.745001	35
26.007500	26.790832	42
26.074167	26.732500	47
26.120001	26.667917	63
26.122084	26.732500	51
26.134582	26.678333	59
27.107500	27.367918	61
27.107500	27.372084	49
27.111668	27.378332	56
27.115833	27.353332	46
27.122084	27.351250	34
27.122084	27.355417	42
27.488750	27.638750	49
27.495001	27.615833	46
27.495001	27.626249	61
27.495001	27.632500	56
27.507500	27.615833	42
27.509582	27.584583	34
27.792917	27.859583	61
27.792917	27.895000	49
27.797083	27.838751	46
27.799168	27.895000	34
27.803333	27.867918	56
27.811666	27.867918	42
28.457500	28.876249	59
28.459583	28.878332	51
28.459583	28.878332	54
28.459583	28.886667	47
28.459583	28.895000	44
28.469999	28.874166	32
28.476250	28.907499	39
29.024168	29.147083	44
29.024168	29.165832	47
29.024168	29.178333	51
29.030416	29.182501	54
29.030416	29.207500	59
29.038750	29.124166	32
29.038750	29.126249	39
29.361668	29.417917	44
29.365833	29.476250	51
29.367918	29.442917	59
29.372084	29.426250	47
29.372084	29.459583	32
29.372084	29.497084	54
29.384582	29.438749	39
29.849167	30.320000	42
29.861668	30.355417	58
29.865833	30.295000	49
29.865833	30.311666	46
29.870001	30.286667	30
29.870001	30.334583	37
30.805418	31.253332	58
30.805418	31.272083	42
30.813749	31.247084	49
30.817917	31.236668	30
30.820000	31.253332	46
30.824167	31.278334	37
31.417917	32.230417	46
31.417917	34.013750	58
31.424168	31.624166	30
31.424168	31.713751	42
31.430418	33.949167	49
31.438749	31.678333	37
32.301250	32.740833	21
32.690832	32.922083	22
32.932501	33.101250	23
33.113750	33.240833	24
33.222082	33.332500	25
33.342916	33.463751	26
33.459583	33.551250	27
33.601250	33.767918	28
33.765833	33.976252	29
33.957498	34.255419	30
34.245001	35.109583	31
35.113748	35.528334	30
35.126249	35.588751	42
35.532499	35.790834	31
35.570002	35.761667	43
35.751249	35.867918	44
35.765833	35.903334	32
35.926248	36.078333	33
35.932501	36.067919	45
36.063749	36.203333	34
36.084581	36.211668	46
36.199167	36.330416	35
36.245001	36.313749	47
36.357500	36.511667	36
36.370001	36.511667	48
36.486666	36.592916	49
36.497084	36.638750	37
36.636667	36.807501	50
36.638750	36.820002	38
36.801248	36.940832	51
36.801248	36.963751	39
36.982500	37.138750	52
36.986666	37.147081	40
37.140833	37.336668	53
37.163752	37.347082	41
37.311666	37.465834	54
37.347082	37.534582	42
37.524168	37.790834	55
37.555418	37.759584	43
37.778334	38.042917	44
37.786669	38.099169	56
38.057501	38.338751	45
38.094999	38.424166	57
38.386667	38.888750	46
38.420000	38.828333	58
38.857500	38.947084	57
39.059584	39.272081	46
39.082498	39.172083	34
39.257502	39.326250	34
39.565832	39.722082	58
39.570002	39.632502	46
39.872084	39.926248	34
39.880419	39.963751	46
40.153334	40.211668	46
40.163752	40.313749	59
40.428331	40.542917	46
40.432501	40.488748	34
40.697084	40.880419	58
40.701250	40.751249	46
40.897081	40.953333	34
40.922083	40.984583	46
41.130419	41.263750	42
41.132502	41.353334	54
41.344999	41.401251	34
41.349169	41.499166	46
41.615831	41.838751	51
41.634584	41.820002	39
41.844999	41.915834	42
41.857500	42.015833	46
42.086668	42.288752	34
42.103334	42.374166	58
42.317919	42.382502	46
42.590834	42.755419	46
42.594999	42.653334	34
42.849169	42.995001	58
43.074167	43.222082	46
43.338751	43.442919	59
43.588751	44.320002	59
43.632502	44.144998	34
43.894998	44.124166	42
44.134584	44.709581	50
44.407499	44.703333	46
44.649168	45.247084	51
44.903334	44.986666	34
45.274168	45.857500	34
45.347082	45.790834	62
45.699167	45.901251	42
45.888750	46.961668	50
45.903334	45.953333	46
46.122084	46.195002	46
46.349169	47.019998	53
46.567919	46.728334	46
46.799166	47.482500	34
46.945002	47.465834	62
47.255419	47.424166	41
47.463751	48.011667	50
47.501249	47.553331	46
47.715834	47.884584	46
47.945002	48.259584	62
47.995001	48.215834	53
48.286669	48.328333	34
48.659582	49.082498	54
48.726252	49.201250	27
48.786669	49.155416	58
48.859583	49.603334	66
49.213751	49.265833	39
49.438749	49.732500	54
49.678331	49.872084	51
49.922083	50.422083	54
50.144998	50.380419	46
50.399168	50.765833	39
50.428331	50.722082	66
50.717916	50.801248	46
50.928331	51.205416	54
51.188749	51.351252	51
51.409582	52.124166	54
51.667917	51.719999	46
51.942919	52.507502	32
52.063749	52.282499	66
52.370001	52.484583	44
52.590834	52.880419	47
52.842916	53.013750	44
53.042917	53.261667	51
53.253332	53.434584	39
53.482500	53.809584	32
53.511667	53.780416	59
53.767916	53.811666	44
53.949167	54.255419	47
54.182501	54.328333	44
54.415834	55.051248	51
54.620001	54.686666	39
54.867918	55.765833	35
54.978334	55.313749	59
55.309584	55.490831	42
55.517916	55.805418	51
55.761667	55.974169	47
55.967916	56.597082	54
56.157499	56.399168	42
56.405416	56.890833	63
56.409582	56.909582	35
56.670000	56.740831	42
56.884584	57.390833	51
57.117918	57.307501	47
57.363748	57.801248	54
57.813749	58.278334	34
57.855417	58.288752	62
58.092916	58.232500	46
58.322084	58.855417	50
58.540834	58.755419	46
58.755419	59.390833	56
58.990831	59.053331	34
59.247084	59.626249	34
59.286669	59.647081	62
59.547083	59.642916	46
59.740831	60.717916	50
59.992918	60.038752	34
60.257502	60.890833	56
60.632502	61.144998	28
60.792917	61.172083	62
61.101252	61.167917	40
61.317919	61.747084	50
61.817919	62.447084	56
62.053331	62.313749	44
62.297083	63.101252	40
62.332498	62.740831	62
62.792917	63.382502	50
63.042917	63.132502	47
63.303331	63.440832	56
63.759584	64.753332	33
63.880419	64.513750	64
64.157499	64.394998	45
64.353334	64.907499	52
64.624166	64.861666	45
64.847082	65.426248	57
65.076250	65.336668	40
65.324167	65.853334	33
65.380419	66.301248	64
65.638750	65.801248	45
65.830416	66.397081	52
66.092920	66.249170	45
66.326250	66.920000	57
66.540834	66.586664	40
66.799166	67.317919	29
66.857500	67.324167	64
67.092920	67.261667	41
67.320002	67.830416	52
67.580416	67.755419	41
67.780420	68.303331	57
68.038752	68.182497	41
68.255419	68.547083	52
68.274164	68.788752	60
68.276247	68.965830	29
68.528330	68.697084	41
68.757502	69.128336	52
69.005419	69.174166	41
69.232500	69.726252	57
69.438753	69.561670	29
69.703333	70.711664	28
69.740831	70.220003	59
70.195002	70.740831	52
70.449167	70.592920	40
70.684580	70.905420	56
70.936670	71.117914	40
71.034586	71.269998	52
71.088747	71.420000	56
71.172083	71.601252	28
71.209581	71.478334	64
71.455416	71.530420	40
71.670000	71.949167	52
71.932497	72.019998	40
72.195002	72.782503	56
72.667917	73.963747	33
72.767916	73.211664	57
73.119997	73.436670	45
73.332498	73.813753	52
73.578333	73.699167	45
73.801248	74.301248	57
74.019998	74.188753	45
74.274164	74.961664	33
74.286669	74.607500	60
74.545000	74.703333	45
74.744997	75.307497	57
74.988748	75.167917	45
75.205416	75.709581	60
75.409586	75.486666	33
75.661669	76.582498	31
75.684580	76.107500	64
75.959581	76.188753	43
76.199167	76.776247	60
76.445002	76.563753	43
76.657503	77.140833	64
77.011667	77.974169	29
77.130419	77.519998	67
77.403330	77.570002	41
77.597086	78.217920	64
77.863748	78.003336	41
78.105417	78.359583	67
78.372080	78.767916	64
78.474169	78.838747	67
78.515833	84.147081	28
78.549166	78.832498	72
78.624170	78.820002	76
78.978334	79.238748	40
79.201250	79.432497	43
79.409586	79.536669	40
79.665834	79.811670	50
79.857500	80.032503	48
80.017916	80.092920	50
80.155420	84.157503	40
80.180414	80.413752	48
80.399164	80.578333	50
80.615831	80.728334	55
80.826250	80.955416	50
80.840830	80.917917	52
81.038752	81.238748	55
81.257502	81.359583	60
81.447084	81.605417	55
81.628336	81.786669	60
81.792917	81.857500	62
81.947084	82.138750	60
82.132502	82.269998	62
82.292917	82.382502	67
82.503336	82.615831	62
82.665834	82.872080	67
82.888750	83.105417	72
83.132502	83.361666	67
83.440836	83.728334	72
83.724169	83.857500	74
83.901247	84.234583	67
83.978334	84.155420	72
84.032503	84.167917	74
84.115831	84.438753	79
84.409586	84.595003	74
84.607500	84.759584	72
84.788752	84.849169	67
84.992914	85.128336	62
85.267916	85.547083	60
85.565836	87.240831	43
85.574167	85.726252	55
85.595003	87.259584	31
85.780420	85.917917	60
85.915834	85.963747	62
86.042917	86.109583	67
86.178331	86.355417	72
86.309580	86.438753	74
86.442919	86.624170	79
86.574167	86.705416	74
86.686670	86.767916	72
86.803331	86.861666	67
86.957498	87.176248	62
87.174166	87.434580	60
87.413752	87.597086	55
87.830416	88.715830	32
87.836664	88.761667	44
87.849169	88.059580	56
88.103334	88.280420	61
88.269998	88.315836	63
88.399164	88.457498	68
88.507502	88.595003	68
88.584581	88.842920	73
88.782503	88.840830	75
89.040834	89.320002	81
89.045000	89.705416	33
89.053331	89.124170	31
89.063753	89.747080	45
89.257502	89.420000	76
89.403330	89.534586	74
89.549166	89.617914	69
89.742914	89.890833	64
89.911669	90.032503	62
90.084581	90.961664	34
90.092920	90.997080	46
90.119997	90.372080	58
90.347086	90.578333	63
90.545000	90.613748	65
90.749170	90.899164	70
90.963747	91.315836	75
91.269998	91.338747	77
91.430414	93.530420	35
91.538752	91.857500	71
91.599169	93.449167	47
91.615831	91.782503	75
91.728334	92.072084	83
92.028330	92.232500	77
92.195002	92.328333	75
92.351252	92.407503	71
92.542917	92.744997	65
92.751253	92.938753	63
92.963747	93.032503	59
93.228334	93.565836	53
93.545000	93.613748	51
93.880419	96.009584	28
93.963747	96.007502	40
93.992914	94.803331	47
94.078333	94.728334	52
94.138750	94.872080	56
95.269998	96.476252	56
95.276247	96.499170	52
96.372080	97.830416	28
96.897081	97.067919	40
97.113748	97.244997	41
97.217920	97.274164	42
97.349169	97.440836	43
97.457498	97.676248	44
97.640833	98.457498	45
97.863748	98.888750	33
98.445002	99.019998	40
98.774164	99.024164	52
99.482500	99.684580	28
99.507502	99.728334	40
99.722086	99.920000	29
99.753336	99.922083	41
99.888750	100.022081	30
99.894998	99.953333	42
100.024164	100.155420	43
100.057497	100.197084	31
100.197084	100.442919	32
100.232500	100.476252	44
100.445002	100.747080	33
100.472086	100.797083	45
100.734583	101.601252	36
100.749170	102.340830	48
101.692919	102.309580	24
101.703333	102.363748	36
102.311670	103.761667	44
102.330416	103.759584	28
102.345003	103.765833	40
103.734583	104.478334	33
103.738748	105.403330	45
104.426248	105.426248	21
