3.071187	3.306600	77
3.342000	3.631612	76
3.614888	3.758687	58
3.625325	4.210774	77
3.629476	3.764913	65
3.650350	3.719075	61
3.904500	3.983663	58
3.904500	3.994100	65
3.927388	3.994100	61
4.146138	4.229512	58
4.156575	4.550313	70
4.158650	4.231587	61
4.167012	4.237813	65
4.408650	4.487813	61
4.408650	4.496175	58
4.414937	4.514913	65
4.669087	4.764913	65
4.671163	4.737813	58
4.675313	4.735738	61
4.908650	5.092000	70
4.912862	5.008687	65
4.914937	4.987813	58
4.923238	4.981587	61
5.167012	5.408650	72
5.175313	5.275350	58
5.179524	5.306600	65
5.187825	5.256612	61
5.408650	5.460774	61
5.408650	5.696187	73
5.419087	5.479512	65
5.704488	6.046163	77
5.710774	5.919087	56
5.727437	5.931600	65
5.742024	5.904500	60
6.006612	6.137837	72
6.023274	6.112813	56
6.048238	6.125325	60
6.052388	6.123250	65
6.248250	6.471150	72
6.254476	6.381612	65
6.258687	6.377400	60
6.262837	6.333638	56
6.477437	6.708638	71
6.496175	6.612813	65
6.504476	6.589925	60
6.512837	6.573262	56
6.733663	6.810750	72
6.754476	6.871175	65
6.775350	6.837850	56
6.781575	6.852437	60
7.006612	7.527425	72
7.029500	7.123250	65
7.037862	7.102437	56
7.050313	7.117024	60
7.279500	7.362813	56
7.283650	7.385762	65
7.302388	7.371175	60
7.550313	7.598226	65
7.564900	7.912862	71
7.864888	8.064900	54
7.877400	8.417012	72
7.883687	8.039937	61
7.917012	7.994100	58
8.164937	8.235738	54
8.164937	8.246175	61
8.189900	8.248250	58
8.444112	8.512837	61
8.444112	8.835774	66
8.446187	8.508687	54
8.458638	8.514913	58
8.725362	8.798238	61
8.725362	8.802388	58
8.729512	8.789937	54
8.998250	9.073262	61
9.002400	9.064900	54
9.002400	9.071187	58
9.248250	9.323262	61
9.252400	9.539937	66
9.260762	9.316976	58
9.273274	9.356587	54
9.521138	9.835774	68
9.544087	9.617024	61
9.548238	9.619100	58
9.562825	9.635762	54
9.814900	10.129476	70
9.837850	9.885762	58
9.837850	9.891988	61
10.127400	10.519063	72
10.131612	10.304524	60
10.131612	10.342000	53
10.133687	10.325337	57
10.456563	10.548238	57
10.464925	10.535726	60
10.471150	10.535726	53
10.764913	10.862813	53
10.773274	10.862813	60
10.773274	11.114888	73
10.777425	10.887837	57
11.129476	11.262837	60
11.137837	11.231587	53
11.139913	11.227437	57
11.508687	11.662862	72
11.519063	11.706563	53
11.523519	11.681600	57
11.523519	11.689900	60
11.842000	11.975362	53
11.852437	11.954488	60
11.864888	11.941976	57
12.187825	12.450337	77
12.204488	12.296163	60
12.204488	12.302388	53
12.221150	12.289937	57
12.460774	12.535726	57
12.500325	12.877400	76
12.902425	14.025350	77
13.404500	13.592000	58
13.419087	13.598226	65
13.723226	14.064900	70
13.742024	13.839925	58
13.754476	13.852437	65
13.760762	13.821187	61
13.989888	14.100362	65
13.994100	14.071187	58
13.998250	14.064900	61
14.237813	14.308675	58
14.242024	14.335774	65
14.254476	14.321187	61
14.454488	14.610738	70
14.471150	14.527425	58
14.471150	14.533650	61
14.471150	14.544087	65
14.671163	14.746175	61
14.671163	14.852437	72
14.687825	14.748250	58
14.687825	14.750325	65
14.879476	14.946187	61
14.889913	15.177388	73
14.896138	14.958638	65
15.156575	15.325337	56
15.183675	15.346150	65
15.185750	15.462850	77
15.200337	15.300313	60
15.444112	15.571187	72
15.456563	15.523274	56
15.467000	15.550313	65
15.471150	15.548238	60
15.696187	15.869100	72
15.704488	15.794087	60
15.706563	15.777425	56
15.706563	15.789937	65
15.927388	16.110738	71
15.954488	16.039937	65
15.956563	16.029500	56
15.964925	16.037862	60
16.198262	16.327413	72
16.208638	16.279500	56
16.214925	16.283650	65
16.219075	16.296163	60
16.471150	16.902425	72
16.477437	16.569112	65
16.483663	16.552388	56
16.489888	16.560750	60
16.756612	16.879476	65
16.766988	16.852437	60
16.775350	16.835774	56
17.000325	17.085774	65
17.021138	17.367024	71
17.033650	17.096150	60
17.369100	17.508687	54
17.369100	17.508687	61
17.369100	17.933675	72
17.383687	17.444112	58
17.641988	17.764913	54
17.654500	17.746175	61
17.667012	17.731587	58
17.935750	18.400350	66
17.946187	18.019063	54
17.952413	18.012837	58
17.956563	18.021138	61
18.246175	18.306600	58
18.246175	18.308675	61
18.246175	18.312825	54
18.539937	18.610738	61
18.552388	18.612813	58
18.569112	18.650350	54
18.852437	19.279500	66
18.879476	18.939900	61
18.879476	18.944112	54
18.881612	18.939900	58
19.250325	19.737813	70
19.266988	19.369100	58
19.269063	19.352437	61
19.283650	19.354512	54
19.679524	19.789937	58
19.696187	19.754476	61
19.702413	20.025350	72
20.162862	20.502400	72
20.169087	20.379476	60
20.169087	20.402425	57
20.194112	20.367024	53
20.489888	20.731587	73
20.496175	20.610738	60
20.510762	20.608663	53
20.514913	20.623250	57
20.771138	21.021138	75
20.825337	20.919087	53
20.837850	20.910726	60
20.846150	20.923238	57
21.062825	21.429524	73
21.069112	21.169087	57
21.077413	21.141988	60
21.425313	21.654500	53
21.431600	21.744100	72
21.444112	21.644063	57
21.446187	21.648274	60
21.806600	22.125325	70
21.833638	21.975362	53
21.842000	21.929524	60
21.842000	21.939900	57
22.167012	22.369100	53
22.177388	22.721150	72
22.181600	22.312825	60
22.196187	22.298238	57
22.658650	22.854512	57
22.669087	23.266988	73
22.717000	22.789937	60
23.229512	23.625325	42
23.344075	24.437825	82
23.652425	23.829488	49
23.867024	23.952413	58
24.108663	24.891988	54
24.129476	24.506612	61
24.441976	24.954488	66
24.475362	24.846150	58
24.769063	25.062825	82
25.042012	25.173238	61
25.048238	25.285726	84
25.321187	25.673238	82
25.596150	25.873250	53
25.614888	25.887837	80
25.856587	26.110738	61
25.898274	26.016988	77
26.129476	26.356587	77
26.131612	26.275350	65
26.373250	26.604512	68
26.414937	26.687825	76
26.683675	26.856587	73
26.685750	26.946187	77
26.973226	27.350362	68
27.281575	27.396138	73
27.287862	27.571187	77
27.552388	27.869100	76
27.808675	28.154500	53
27.856587	28.342000	77
28.104512	28.266988	60
28.333638	28.452413	69
28.354512	29.417012	81
28.629476	28.725362	64
28.637837	28.727437	65
29.044087	29.446187	72
29.439900	29.710774	69
29.719075	29.896138	72
29.746175	29.917012	81
29.987813	30.033650	69
30.283650	30.546163	81
30.289937	30.467000	58
30.539937	30.754476	82
30.544087	30.823262	65
30.808675	31.148274	84
31.075337	31.135762	72
31.083638	31.417012	81
31.381612	31.821187	82
31.417012	31.542012	70
31.673238	31.946187	70
31.696187	31.902425	77
32.012837	32.191976	73
32.310750	32.679524	78
32.319356	32.635762	70
32.737813	33.085774	73
33.283650	33.444112	73
33.319112	33.400350	70
33.650350	33.971150	73
33.998250	34.394063	72
34.304524	34.654500	54
34.335774	34.777425	73
34.621175	34.785726	61
34.852437	34.914937	70
34.860738	35.208638	82
34.867024	35.162862	78
35.133687	35.617024	66
35.404500	35.660726	73
35.650350	35.935750	82
35.660726	35.898274	70
35.914937	36.052388	78
35.919087	36.187825	84
36.158650	36.441976	82
36.408650	37.225362	65
36.464925	36.719075	80
36.731587	37.169087	68
36.992024	37.283650	77
37.252400	37.316976	73
37.252400	37.535726	76
37.523274	37.748250	68
37.554524	37.798238	77
37.821187	37.996175	73
38.104512	38.229512	68
38.114888	38.435750	77
38.402425	38.756612	76
38.671163	39.383687	53
38.729512	39.292012	77
39.000325	39.252400	60
39.248250	39.677388	72
39.252400	39.327413	65
39.264913	39.696187	69
39.516988	39.744100	60
39.792012	40.029500	65
40.054524	40.377400	72
40.071187	40.302388	60
40.335774	40.500325	57
40.350362	40.619100	73
40.625325	40.750325	72
40.860738	41.123250	46
40.910726	41.177388	72
41.187825	41.271138	70
41.194112	41.342000	53
41.441976	41.654500	70
41.450337	41.504476	61
41.785726	43.279500	58
41.802388	42.260762	69
42.237813	42.660726	65
42.287862	42.906575	70
42.681600	43.242024	61
43.044087	43.285726	70
43.327413	43.708638	65
43.671163	43.941976	70
44.950337	45.100362	65
44.975362	45.042012	61
45.227437	45.379476	65
45.237813	45.406575	61
45.502400	45.685750	64
45.504476	45.694112	60
45.762837	45.814900	46
45.762837	46.027425	65
45.771138	45.816976	49
45.775350	45.867024	61
45.785726	45.837850	53
46.027425	46.114888	46
46.027425	46.114888	49
46.039937	46.131612	53
46.294087	46.669087	58
46.310750	46.379476	49
46.314900	46.379476	46
46.319112	46.375325	53
46.560750	46.675313	49
46.577413	46.633687	53
46.594075	46.658650	46
46.814900	46.891988	49
46.819112	46.896138	53
46.842000	46.923238	46
47.079488	47.277425	58
47.081563	47.167012	49
47.087850	47.183675	53
47.346150	47.433675	46
47.346150	47.516988	60
47.360738	47.431600	49
47.367024	47.427388	53
47.608663	47.883687	61
47.877400	47.956563	44
47.877400	47.977437	53
47.881612	48.296163	65
47.919087	47.989888	48
48.131612	48.254476	60
48.133687	48.225362	48
48.135762	48.204488	53
48.139913	48.202413	44
48.381612	48.639913	60
48.389913	48.496175	53
48.389913	48.519368	48
48.396138	48.448262	44
48.619100	48.702413	44
48.619100	48.717000	53
48.627400	48.696187	48
48.629476	48.919087	59
48.881612	49.010762	53
48.894063	48.981587	44
48.906575	49.250325	60
48.910726	48.992024	48
49.158650	49.296163	53
49.167012	49.285726	44
49.173238	49.312825	48
49.429524	49.506612	44
49.433675	49.512837	53
49.435750	49.648274	60
49.437825	49.523274	48
49.710774	49.769063	53
49.725362	50.014913	59
49.733663	49.802388	48
50.002400	50.096150	42
50.004476	50.125325	49
50.025350	50.598226	60
50.027425	50.077413	46
50.281575	50.362813	49
50.281575	50.379476	46
50.298238	50.360738	42
50.562825	50.623250	49
50.569112	51.160726	54
50.573262	50.633687	46
50.602437	50.681600	42
50.850362	50.908650	49
50.854512	50.919087	46
50.869100	50.956563	42
51.117024	51.177388	49
51.119100	51.181600	46
51.146138	51.233663	42
51.377400	51.444112	49
51.381612	51.441976	46
51.387837	51.675313	54
51.402425	51.483663	42
51.664937	51.733663	49
51.664937	51.971150	56
51.669087	51.731587	46
51.939900	52.208638	58
51.946187	52.006612	46
51.954488	52.008687	49
52.214925	52.327413	49
52.214925	52.458638	63
52.223226	52.279500	44
52.252400	52.329488	41
52.483663	52.617024	61
52.494100	52.602437	41
52.510762	52.592000	45
52.754476	52.996175	61
52.762837	52.885762	45
52.769063	52.848226	41
53.008687	53.123250	45
53.012837	53.160726	60
53.019063	53.087850	41
53.331563	53.542012	60
53.339925	53.467000	48
53.339925	53.479512	41
53.354512	53.473226	45
53.637837	53.742024	48
53.652425	53.762837	45
53.654500	53.737813	41
53.908650	53.987813	61
53.914937	54.054524	65
53.929524	53.987813	48
53.929524	54.004476	41
53.933675	53.996175	45
54.179524	54.235738	48
54.179524	54.354512	64
54.185750	54.237813	45
54.189900	54.321187	60
54.467000	55.427388	65
54.473226	54.935750	61
54.719075	54.835774	46
54.766988	54.908650	49
54.792012	54.879476	53
55.004476	55.367024	58
55.016988	55.077413	53
55.023274	55.079488	49
55.025350	55.079488	46
55.258687	55.389913	49
55.275350	55.373250	53
55.294087	55.375325	46
55.506612	55.600362	49
55.527425	55.604512	53
55.537862	55.617024	46
55.754476	55.914937	58
55.804524	55.879476	53
55.816976	55.898274	49
55.829488	55.912862	46
56.029500	56.239888	60
56.039937	56.131612	49
56.048238	56.119100	53
56.048238	56.127400	46
56.262837	56.314900	49
56.287862	56.550313	61
56.552388	56.902425	65
56.575337	56.667012	44
56.581563	56.702413	53
56.600362	56.679524	48
56.823262	56.921163	60
56.829488	56.891988	53
56.835774	56.906575	48
56.844075	56.912862	44
57.077413	57.229512	60
57.081563	57.146138	53
57.083638	57.160726	48
57.087850	57.152425	44
57.327413	57.558675	59
57.329488	57.423238	53
57.339925	57.402425	44
57.339925	57.421163	48
57.596150	57.837850	60
57.602437	57.712850	48
57.608663	57.679524	53
57.612813	57.675313	44
57.856587	57.975362	48
57.858663	57.941976	44
57.864888	57.958638	53
58.131612	58.356587	60
58.133687	58.202413	44
58.139913	58.252400	48
58.141988	58.206563	53
58.387837	58.439900	53
58.402425	58.677388	59
58.685750	58.800313	42
58.689900	58.823262	49
58.704488	59.227437	60
58.712850	58.773274	46
58.939900	59.054524	49
58.962850	59.029500	46
58.969075	59.037862	42
59.217000	59.325337	46
59.221150	59.281575	49
59.223226	59.744100	54
59.244100	59.310750	42
59.479512	59.602437	46
59.481587	59.554524	49
59.514913	59.589925	42
59.758687	59.829488	49
59.764913	59.827413	46
59.764913	59.846150	42
60.042012	60.104512	49
60.042012	60.164937	54
60.050313	60.110738	46
60.094075	60.167012	42
60.169087	60.350362	56
60.292012	60.875325	58
60.327413	60.385762	49
60.331563	60.385762	46
60.575337	60.658650	49
60.581563	60.669087	46
60.871175	61.223226	63
60.877400	61.117024	41
60.900350	61.100362	48
60.921163	61.112813	45
61.225362	61.283650	48
61.225362	61.287862	45
61.233663	61.319112	61
61.256612	61.329488	41
61.325337	61.402425	63
61.385762	61.756612	61
61.492024	61.554524	48
61.492024	61.558675	45
61.531575	61.583638	41
61.729512	61.975362	60
61.744100	61.842000	45
61.748250	61.816976	48
61.760762	61.844075	41
62.137837	62.346150	45
62.141988	62.348226	48
62.154500	62.339925	41
62.158650	62.431600	60
62.516988	62.733663	58
62.523274	62.606587	48
62.523274	62.644063	45
62.542012	62.627400	41
62.800313	63.075337	60
62.802388	62.937825	48
62.812825	63.000325	45
62.827413	62.994100	41
63.141988	63.467000	61
63.431600	63.731587	30
63.481587	64.056600	70
63.487813	63.933675	66
63.756612	63.798238	42
63.956563	64.252400	49
64.092000	64.135762	54
64.221150	64.342000	58
64.362813	64.558675	61
64.504476	64.637837	66
64.621175	64.871175	70
64.906575	65.154500	49
64.912862	65.094075	58
64.925313	65.202413	70
65.189900	65.260762	54
65.198262	65.437825	72
65.462850	65.804524	70
65.708638	66.069112	41
65.754476	66.010762	68
65.981587	66.160726	49
66.037862	66.146138	65
66.177388	66.229512	53
66.314900	66.446187	56
66.314900	66.467000	65
66.454488	66.564900	61
66.602437	66.842000	64
66.885762	67.196187	65
67.179524	67.316976	61
67.185750	67.433675	53
67.229512	67.302388	56
67.460774	67.552388	56
67.469075	67.737813	65
67.735738	68.033650	64
67.998250	68.339925	41
68.039937	68.398274	65
68.273274	68.385762	48
68.406575	68.464925	53
68.554524	68.687825	57
68.562825	68.677388	69
68.706563	68.914937	60
68.819112	68.927388	65
68.960774	69.104512	69
69.127400	69.252400	77
69.133687	69.185750	72
69.429524	69.625325	65
69.706563	69.917012	60
69.706563	70.062825	81
70.016988	70.185750	53
70.273274	70.404500	81
70.475362	70.675313	46
70.481587	70.737813	81
70.725362	70.850362	53
70.752400	70.989888	82
70.864888	70.977437	60
71.033650	71.375325	84
71.060750	71.129476	56
71.100362	71.316976	58
71.227437	71.471150	65
71.367024	71.525350	61
71.473226	71.587850	70
71.612813	71.985738	81
71.967000	72.389913	82
72.398274	72.671163	70
72.398274	72.710774	58
72.712850	72.998250	65
72.729512	73.052388	78
73.144063	73.394063	58
73.339925	73.456563	73
73.431600	73.585774	65
73.533650	73.687825	73
73.792012	73.898274	72
74.071187	74.331563	42
74.079488	74.506612	73
74.339925	74.471150	49
74.631612	75.319112	82
74.646138	74.714925	78
74.679524	75.058675	54
74.869100	75.089925	61
75.039937	75.098226	66
75.362813	75.927388	66
75.389913	75.658650	82
75.408650	75.610738	78
75.721150	75.941976	70
75.885762	76.014913	73
76.014913	76.358663	82
76.379476	76.771138	84
76.679524	77.058675	41
76.721150	77.252400	80
76.977437	77.131612	49
77.148274	77.204488	53
77.327413	77.544087	53
77.333638	77.402425	52
77.344075	77.527425	77
77.492024	77.725362	61
77.629476	77.798238	56
77.658650	77.881612	76
77.804524	77.877400	65
77.948262	78.194112	77
78.264913	78.564900	65
78.287862	78.554524	73
78.546163	78.646138	68
78.566976	78.867024	77
78.844075	79.019063	76
79.141988	79.727437	53
79.183675	79.554524	77
79.454488	79.631612	57
79.596150	79.808675	60
79.725362	79.802388	65
79.885762	80.042012	69
80.035726	80.154500	72
80.373250	80.814900	65
80.377400	80.946187	53
80.396138	80.804524	72
80.719075	80.921163	60
80.908650	81.029500	75
80.994100	81.325337	73
81.079488	81.219075	57
81.294087	81.417012	72
81.562825	81.852437	46
81.583638	81.881612	72
81.854512	81.977437	53
81.862813	82.002400	70
81.998250	82.058675	61
82.162862	82.229512	70
82.181600	82.873250	58
82.419087	82.710774	65
82.494100	82.921163	69
82.873250	83.289937	61
82.873250	83.483663	70
83.283650	83.531575	65
83.475362	83.871175	61
83.708638	83.848226	70
83.746175	84.256612	77
84.148274	84.258687	65
84.383687	84.975362	76
84.912862	85.656575	77
85.229512	86.427388	58
85.539937	85.850362	70
85.842000	86.402425	65
86.127400	86.319112	70
86.400350	86.648274	70
86.681600	87.002400	72
86.977437	87.316976	73
87.292012	87.952413	77
87.333638	88.698262	58
87.614888	87.754476	72
87.885762	88.150350	72
88.160726	88.383687	71
88.169087	88.519063	65
88.460774	88.787862	72
88.748250	89.031575	65
89.012837	89.319112	72
89.300313	89.679524	71
89.587850	90.404500	58
89.641988	90.033650	72
89.900350	90.360738	63
90.194112	90.875325	69
90.764913	91.000325	63
91.046163	91.360738	69
91.052388	91.285726	58
91.306600	91.381612	63
91.306600	91.566976	70
91.587850	91.712850	72
91.856587	92.371175	58
91.889913	92.127400	72
92.141988	92.244100	73
92.252400	92.360738	65
92.260762	92.319112	72
92.316976	92.373250	73
92.387837	92.492024	72
92.483663	92.800313	70
92.779500	92.992024	65
92.785726	93.204488	69
93.092000	93.871175	58
93.119100	93.462850	70
93.477437	93.860738	65
93.825337	94.006612	85
93.835774	94.112813	82
93.842000	93.987813	70
94.148274	94.331563	65
94.152425	94.360738	84
94.152425	94.427388	81
94.454488	95.352437	58
94.473226	95.592000	82
94.477437	95.127400	85
94.796163	95.139913	65
95.112813	95.419087	70
95.162862	95.673238	77
95.448262	95.769063	65
95.725362	96.052388	70
96.021138	96.387837	65
96.289937	96.475362	85
96.294087	96.508687	82
96.571187	96.742024	70
96.581563	96.785726	81
96.583638	96.827413	84
96.869100	97.321187	58
96.869100	97.408650	85
96.875325	97.454488	82
97.167012	97.444112	64
97.433675	97.579488	70
97.452413	98.083638	76
97.758687	98.025350	64
98.037862	98.189900	70
98.310750	98.535726	64
98.331563	98.621175	76
98.612813	98.814900	85
98.614888	98.873250	70
98.648274	98.810750	82
98.919087	99.129476	84
98.927388	99.089925	64
98.933675	99.075337	81
99.189900	100.077413	58
99.194112	99.806600	85
99.198262	99.802388	82
99.494100	99.858663	63
99.760762	100.037862	70
99.769063	100.419087	75
100.069112	100.296163	63
100.354512	100.641988	70
100.617024	100.885762	75
100.652425	100.721150	63
100.969075	101.244100	85
100.971150	101.300313	70
100.989888	101.289937	82
101.354512	101.427388	63
101.367024	101.912862	84
101.377400	101.550313	81
101.781575	105.217000	58
101.875325	103.254476	85
101.910726	103.379476	82
102.816976	105.066976	61
103.208638	104.792012	70
103.425313	103.564900	73
103.627400	103.762837	77
103.775350	103.833638	82
103.948262	103.996175	85
104.148274	104.335774	89
104.396138	105.004476	97
104.396138	105.035726	94
105.312825	105.483663	61
105.417012	105.489888	70
105.471150	107.052388	73
106.506612	106.602437	34
