4.198753	4.786247	86
4.715416	6.102920	72
4.742500	5.834167	88
5.263336	5.792503	76
5.813331	6.355003	79
6.236252	6.446670	84
6.250831	6.694580	88
6.673752	7.315414	71
6.682083	7.121666	89
7.061248	7.592498	76
7.092498	7.807083	88
7.646667	8.219581	79
7.750831	8.734169	89
8.259170	8.377914	76
8.700836	9.809166	76
8.705002	9.475830	91
9.057083	9.561248	79
9.459167	9.842498	84
9.821670	10.321670	79
10.215416	10.482086	96
11.102920	11.515419	84
11.473747	11.890419	86
11.869583	12.125831	88
11.882080	13.040413	72
12.250831	12.711250	76
12.261253	12.673744	88
12.617500	13.215416	79
13.027916	13.163337	88
13.484169	14.013328	88
13.500831	14.225837	76
13.873756	14.265419	92
13.892494	14.127922	80
14.225837	14.627922	95
14.238334	14.332084	83
14.598747	15.057090	98
14.957084	16.905006	69
14.986244	15.663337	96
15.346672	16.709160	76
15.719581	16.721672	81
16.055000	16.419578	83
16.411247	16.682090	84
17.090416	17.484169	84
17.463340	17.815422	83
17.788337	18.546669	65
17.832084	18.430000	81
18.159172	18.480003	69
18.523750	18.850837	72
18.855003	19.025840	81
19.284172	20.398750	67
19.334160	19.400840	81
19.409172	19.486244	83
19.494590	19.577919	81
19.725837	20.079994	83
19.752922	20.102913	71
20.096672	20.513328	84
20.184166	20.329994	74
20.209160	20.309166	72
20.471672	20.871666	86
20.763328	21.696663	64
20.848747	22.557090	79
21.196663	21.452919	67
21.563331	21.869590	71
21.911247	22.261253	67
22.334160	23.632087	69
22.363334	23.615410	72
22.800834	23.211250	79
23.161247	23.544578	84
23.525840	23.925834	86
23.861244	25.165413	62
23.898750	24.302910	88
24.232078	25.305000	65
24.588340	24.927910	74
24.915413	25.315422	69
24.925834	25.596672	81
25.280006	25.477913	74
25.611244	25.802910	88
25.932090	26.257087	66
25.988334	26.475837	88
26.327919	26.582084	74
26.494590	26.586250	86
26.646660	28.169578	67
26.677910	27.092506	86
27.023750	27.671669	71
27.392494	27.788337	74
27.711250	28.100837	77
28.855003	28.921669	71
29.277916	29.627922	74
29.600837	30.150840	48
29.640419	30.357078	76
29.661247	30.040413	64
30.011253	30.215416	55
30.355003	30.444587	60
30.734169	30.850837	64
30.748756	31.105003	76
31.098747	31.942497	62
31.117500	31.448753	77
31.477913	31.977913	65
31.484428	31.842506	76
31.894584	32.300834	71
31.902916	32.327919	77
32.302910	32.754997	81
32.650840	33.832084	64
32.719581	34.175834	79
33.073753	33.440422	67
33.436256	33.769584	72
33.769584	34.159172	67
34.144584	34.382087	84
34.484169	34.619590	67
34.809166	34.969581	64
34.838340	35.257087	72
35.192497	35.602913	74
35.579994	35.821663	76
35.579994	36.680000	60
35.930000	36.063331	76
35.934166	36.161247	64
36.269584	36.450828	76
36.277916	36.698753	67
36.644584	36.850837	72
36.671669	36.871666	76
36.984169	37.632087	64
37.002922	37.700828	76
37.340416	37.552910	68
37.355003	37.736244	80
37.694587	37.817497	71
37.698753	37.950828	83
37.946663	38.113334	76
38.002922	38.200828	80
38.138328	38.629997	86
38.463340	40.275840	57
38.584160	39.296669	84
38.988334	39.761253	64
39.344581	39.730003	69
39.682090	40.175834	71
40.127922	40.498756	72
40.915413	41.073753	64
40.917503	41.296669	72
41.288337	41.723747	71
41.600837	42.165413	41
41.692497	42.329994	69
42.036247	42.244590	48
42.400840	42.544578	53
42.754997	42.813331	57
42.773750	43.230003	69
43.088340	43.775840	43
43.157081	43.446663	71
43.532081	43.850837	50
43.859169	44.234169	72
43.884163	43.961250	55
44.190422	44.286247	59
44.227913	44.667503	74
44.538337	45.392494	52
44.632087	46.309166	67
44.975837	45.323753	55
45.329994	45.642494	59
45.336250	45.652916	62
45.686256	46.075828	55
46.082084	46.936256	60
46.082084	47.007087	57
46.536247	46.767494	64
46.925834	47.294578	72
47.296669	47.715416	74
47.644584	48.430000	50
47.675834	48.055000	76
48.067497	48.448753	57
48.440422	48.617500	62
48.792503	48.940422	69
48.811256	48.902916	65
49.138328	49.532081	62
49.146660	49.788337	69
49.498756	49.767494	65
49.527916	49.680000	76
49.867500	50.209160	76
50.219581	50.652916	77
50.465416	51.584160	55
50.582084	51.015419	69
50.650840	51.050834	74
51.017494	51.461250	62
51.204994	51.421669	65
51.382087	51.625831	69
51.559166	51.786247	72
51.788337	52.350837	74
52.200828	53.902916	55
52.244590	53.411247	67
52.288337	53.034172	71
53.636253	54.061256	67
54.004997	54.379997	77
54.348747	55.617500	76
55.607078	56.169578	69
56.134163	56.590416	77
56.663337	56.775840	76
56.782081	57.190422	77
57.194587	57.905006	76
57.734169	58.115410	52
57.796669	58.244590	74
58.146660	58.919578	60
58.163337	58.348747	72
58.507087	58.780006	67
58.521660	58.659172	72
58.890419	59.238334	72
59.225837	60.344581	55
59.242500	59.680000	71
59.623756	60.017494	72
59.642494	60.305000	62
60.021660	60.269584	65
60.021660	60.438331	74
60.386253	60.771660	76
60.698753	61.500831	52
60.761253	62.315422	67
61.102913	61.459160	55
61.461250	61.767494	59
61.477913	61.782081	62
61.807090	62.227913	55
62.234169	63.942497	60
62.250831	64.027916	57
62.786247	63.754997	64
63.254997	63.665413	74
63.707084	64.084160	72
64.048744	64.457084	71
64.409172	65.277916	53
64.434166	64.786247	69
64.780006	64.900840	67
64.794578	65.217506	57
65.111244	65.457084	67
65.146660	65.480003	60
65.459160	65.950828	65
65.765419	66.786247	52
65.879997	66.269584	64
66.207084	66.825828	55
66.211250	66.665413	62
66.565422	66.973747	64
66.927910	67.369590	65
67.355003	68.480003	36
67.379997	67.700828	64
67.379997	67.727913	67
67.763328	68.123756	48
68.107078	68.721672	58
68.127922	68.521660	52
68.469581	68.655006	48
68.848747	69.742500	36
68.867500	69.150840	60
68.879997	69.036247	52
69.269584	69.542503	48
69.646660	69.859169	67
69.992500	70.427910	67
70.327919	70.713340	47
70.417503	71.140419	69
70.750831	71.215416	53
71.090416	71.305000	62
71.092506	71.357078	57
71.446663	71.902916	69
71.715416	72.113334	40
71.869590	72.277916	68
72.213340	72.507087	47
72.221672	72.605003	69
72.567497	72.623756	56
72.588340	72.954994	71
72.602913	72.675834	52
72.940422	73.413337	64
73.225837	73.448753	33
73.344581	74.950828	72
73.638328	73.775840	64
73.771660	74.086250	52
74.084160	74.361244	57
74.098747	74.321663	60
74.454994	74.827919	52
74.809166	75.219581	57
74.817497	75.248756	60
75.167503	75.511253	72
75.225837	75.282081	52
75.519584	75.879997	71
75.527916	75.646660	52
75.857078	76.094581	72
76.194587	76.709160	50
76.294578	77.067497	74
76.305000	76.934166	66
76.640419	77.042503	54
76.988334	77.329994	57
76.998756	77.319587	62
77.323753	77.461250	74
77.652916	78.057090	62
77.671669	78.013328	57
77.675834	78.017494	74
78.042503	78.442497	72
78.065422	78.263328	54
78.423744	79.232078	76
78.842506	78.907081	44
79.227913	80.059166	77
80.015419	80.142494	74
80.200828	80.784172	43
80.311256	80.998756	74
80.742500	81.180000	50
81.115410	81.377922	59
81.115410	81.411247	55
81.492500	81.969581	50
81.900840	82.079994	71
81.913337	82.136253	62
81.927910	82.234169	55
81.934166	82.161247	59
82.459160	82.584160	50
82.459160	82.850837	55
82.838340	83.175834	54
82.846672	82.919578	50
83.188331	83.290413	55
83.388328	83.588340	55
83.444587	84.821663	36
83.490410	83.721672	60
83.632087	84.034172	64
84.015419	84.307090	48
84.392494	84.925834	55
84.763328	84.905006	48
84.819587	85.240410	64
85.196663	85.815422	40
85.250831	85.707084	65
85.594581	85.798744	47
85.607078	86.017494	64
85.911247	86.125831	52
85.938331	86.417503	62
86.248756	86.313331	56
86.373756	86.832084	59
86.686256	88.961250	33
86.805000	87.173744	60
87.198753	87.486244	45
87.592506	87.694587	52
87.600837	87.954994	60
87.615410	88.004997	57
87.788337	87.927910	52
87.948753	88.373756	45
88.302910	88.484169	60
88.323753	88.396660	52
88.323753	88.423744	57
88.696663	89.109169	60
88.711250	89.055000	45
89.098747	89.436256	59
89.109169	89.438331	33
89.471672	89.898750	60
89.723747	90.269584	29
89.905006	90.782081	67
90.305000	90.363334	41
90.655006	91.100837	48
90.998756	91.067497	53
91.065422	91.465416	67
91.371666	91.621666	31
91.425834	91.902916	65
91.805000	92.144584	43
91.827919	92.238334	64
92.182090	92.302910	53
92.182090	92.415413	47
92.217506	92.615410	62
92.582084	92.734169	64
92.890419	94.173744	36
92.980003	93.413337	64
93.346672	93.782081	48
93.688331	94.046669	60
93.707084	94.171669	55
94.092506	94.163337	48
94.557090	95.640419	31
94.600837	95.107078	62
94.623756	95.096672	59
94.625831	94.961250	55
95.102913	95.336250	43
95.313331	95.573753	55
95.559166	95.944587	54
95.567497	95.659172	43
95.954994	96.436256	55
96.286247	96.642494	24
96.386253	97.271660	60
96.394584	97.348747	64
97.002922	97.402916	43
97.363334	97.667503	48
97.373756	97.627922	52
97.736244	97.811256	43
97.773750	98.188331	64
98.082084	98.219581	33
98.094581	98.334160	35
98.196663	98.669578	65
98.577919	98.944587	47
98.611244	99.063331	64
98.930000	99.161247	53
98.932090	99.165413	50
98.940422	99.086250	57
98.996666	99.373756	62
99.382087	99.850837	59
99.788337	100.373756	33
99.825828	100.227913	60
100.198753	100.398750	45
100.207084	100.588340	62
100.534172	101.517494	31
100.602913	101.477913	64
101.050834	101.375831	43
101.400840	102.025840	71
101.832084	102.348747	29
101.969581	102.834160	69
102.392494	102.459160	41
102.634163	103.780006	45
102.871666	103.394584	48
103.071663	103.240410	53
103.171669	103.290413	57
103.277916	103.386253	60
103.394584	103.457084	64
103.502922	103.571663	69
103.611244	103.725837	72
103.715416	103.763328	76
103.846672	103.898750	81
103.967506	104.059166	84
104.057090	104.111244	88
104.204994	104.259163	93
104.344581	104.530006	93
104.509163	104.894584	105
104.559166	105.734169	41
107.511253	107.627922	52
107.952919	109.150840	29
108.023750	109.111244	45
108.032081	109.171669	41
108.090416	108.946663	48
108.171669	108.711250	55
108.577919	108.990410	53
108.938331	109.344581	52
109.317497	109.786247	53
109.586250	110.596672	31
109.677910	110.540413	43
109.682090	110.640419	47
109.765419	110.900840	52
110.879997	111.092506	50
111.075828	111.211250	48
111.292503	112.419578	48
111.296669	111.707084	24
111.298744	111.769584	36
112.182090	112.454994	41
112.394584	112.667503	43
112.621666	112.959160	48
113.015419	114.334160	36
113.096672	114.282081	40
114.934166	115.852913	24
115.017494	115.792503	36
115.063331	115.954994	40
116.746666	117.598747	26
116.836250	117.677910	41
118.057090	119.305000	28
118.175834	119.365410	43
119.315422	119.938331	45
119.334160	119.959160	29
119.934166	120.486244	31
119.940422	120.469581	47
120.490410	120.840416	33
120.498756	120.884163	48
120.863334	121.138328	35
120.879997	121.119590	50
121.125831	121.269584	52
121.125831	121.342506	36
121.332084	121.511253	53
121.348747	121.492500	38
121.515419	121.675834	40
121.519584	121.688331	55
121.675834	121.763328	57
121.675834	121.857078	41
121.829994	122.013328	59
121.844581	122.017494	43
122.019584	122.242500	60
122.030006	122.238334	45
122.219581	122.377922	62
122.219581	122.427910	47
122.438331	122.619590	48
122.438331	122.632087	64
122.648750	122.875831	65
122.652916	122.902916	50
122.875831	123.150840	67
122.909172	123.148750	52
123.167503	123.982078	53
123.167503	123.992500	69
123.986244	125.192497	55
124.015419	125.238334	71
125.169578	125.913337	57
125.180000	126.475837	72
126.427910	127.615410	31
126.488334	126.825828	71
126.490410	126.796669	67
126.840416	126.927910	72
126.944587	127.009163	71
127.027916	127.092506	72
127.109169	127.169578	71
127.180000	127.257087	72
127.269584	127.332084	71
127.342506	127.384163	72
127.415413	127.471672	71
127.469581	127.577919	72
127.571663	127.746666	71
127.732078	128.067497	69
128.023750	128.482078	71
128.379997	129.907081	24
128.394584	129.802910	36
128.461250	130.107078	72
