5.143100	5.493100	74
5.453517	5.709767	72
5.718100	6.078517	69
6.003517	6.832684	48
6.038934	6.328517	72
6.301434	6.649350	55
6.574350	6.801434	60
6.588934	6.841017	72
6.859767	7.157684	69
7.161850	7.505600	72
7.436850	7.761850	60
7.720184	7.905600	55
7.720184	7.976434	72
7.991017	8.288934	69
8.297267	8.568100	72
8.303517	8.828517	47
8.563934	8.805600	69
8.838934	9.411850	67
9.086850	9.501434	55
9.382684	9.757684	60
9.630600	9.936850	74
9.913934	10.184767	72
10.170184	10.534767	69
10.457684	11.653517	45
10.493100	10.745184	72
10.770184	10.999350	52
10.991017	11.293100	72
10.999350	11.168100	64
11.024350	11.280600	57
11.280600	11.482684	67
11.293100	11.399350	52
11.563934	11.788934	72
11.568100	11.888934	57
11.838934	12.066017	52
12.116017	12.334767	57
12.124350	12.395184	72
12.382684	12.797267	76
12.666017	13.163934	43
12.674350	12.943100	74
12.932684	13.055600	72
13.209767	13.695184	72
13.470184	13.770184	52
13.745184	13.909767	60
14.001434	14.316017	67
14.295184	14.599350	69
14.307684	14.355600	52
14.572267	14.788934	72
14.841017	15.328517	41
14.861850	15.155600	76
15.130600	15.347267	48
15.357684	15.484767	76
15.374350	15.436850	53
15.624350	15.872267	74
15.636850	15.836850	57
15.891017	16.172267	76
15.905600	16.022267	60
16.143100	16.266017	65
16.407684	16.638934	76
16.482684	16.559767	60
16.653517	16.922267	74
16.684767	16.759767	57
16.936850	17.234767	76
16.936850	18.178517	52
17.213934	17.745184	79
17.457684	17.622267	55
17.736850	18.078517	76
18.003517	18.153517	64
18.255600	18.378517	60
18.276434	18.345184	76
18.532684	18.588934	55
18.532684	18.691017	76
18.793100	18.982684	76
19.053517	19.188934	38
19.066017	19.249350	50
19.134767	19.207684	76
19.309767	19.438934	74
19.543100	19.684767	74
19.793100	19.930600	74
19.816017	20.455600	57
20.053517	20.588934	74
20.084767	20.247267	60
20.295184	20.484767	64
20.561850	20.772267	72
20.820184	21.255600	74
21.070184	22.105600	55
21.338934	21.580600	62
21.568100	22.126434	72
21.576434	21.755600	67
21.841017	22.018100	62
22.101434	22.430600	71
22.347267	22.493100	62
22.624350	22.803517	59
22.893100	23.047267	74
23.045184	23.513934	72
23.226434	24.088934	48
23.722267	23.972267	72
23.732684	24.005600	55
23.970184	24.172267	69
24.022267	24.086850	60
24.218100	24.366017	72
24.459767	24.741017	60
24.736850	24.878517	72
24.747267	24.970184	55
24.976434	25.241017	69
25.238934	26.091017	47
25.255600	25.422267	72
25.505600	25.566017	69
25.584767	25.653517	72
25.653517	25.751434	69
25.749350	26.322267	67
26.026434	26.405600	55
26.278517	26.447267	60
26.543100	26.813934	67
26.820184	26.936850	55
26.820184	27.147267	69
27.103517	27.395184	72
27.434767	27.984767	41
27.445184	27.682684	76
27.953517	28.011850	48
27.963934	28.218100	76
28.263934	29.270184	53
28.566017	28.766017	76
28.797267	28.932684	79
29.049350	29.309767	57
29.059767	29.330600	79
29.316017	29.630600	76
29.334767	29.391017	60
29.603517	29.805600	40
29.611850	29.841017	79
29.866017	30.093100	74
30.149350	30.566017	72
30.384767	31.107684	52
30.678517	31.003517	55
30.926434	31.245184	74
30.941017	31.091017	64
31.203517	31.305600	59
31.211850	31.480600	72
31.474350	31.799350	74
31.709767	31.936850	41
31.763934	32.001434	76
32.022267	32.093100	74
32.297267	32.497267	74
32.532684	33.070184	53
32.543100	32.813934	72
32.807684	33.145184	74
32.813934	33.080600	57
33.070184	33.228517	65
33.345184	33.528517	72
33.361850	33.443100	60
33.599350	33.786850	69
33.855600	34.474350	41
33.859767	34.086850	75
34.132684	34.226434	74
34.378517	34.622267	74
34.420184	34.484767	48
34.643100	34.768100	72
34.891017	35.232684	53
34.903517	35.263934	72
35.151434	35.228517	60
35.418100	35.661850	71
35.695184	36.226434	74
35.934767	36.591017	48
36.203517	37.018100	72
36.451434	36.655600	55
36.699350	36.759767	60
36.941017	37.138934	64
37.203517	37.341017	67
37.463934	37.749350	71
37.936850	38.403517	67
37.957684	39.405600	60
37.974350	38.363934	72
38.507684	38.876434	64
38.993100	39.518100	67
39.245184	39.374350	91
39.503517	39.795184	91
39.509767	39.572267	72
39.759767	39.993100	88
40.043100	40.280600	86
40.045184	40.786850	65
40.288934	40.482684	88
40.545184	40.888934	81
40.770184	40.980600	69
41.026434	41.199350	72
41.026434	41.278517	86
41.280600	41.555600	88
41.288934	41.453517	77
41.555600	41.863934	91
41.591017	41.661850	69
41.807684	42.353517	88
42.074350	43.268100	65
42.324350	43.297267	86
42.863934	43.070184	68
43.122267	43.438934	72
43.349350	43.486850	77
43.349350	43.503517	91
43.603517	43.661850	68
43.603517	43.897267	91
43.851434	44.153517	88
44.101434	45.349350	64
44.126434	44.386850	86
44.376434	44.570184	88
44.626434	45.351434	79
44.859767	45.126434	67
45.136850	45.424350	71
45.141017	45.382684	86
45.372267	45.655600	88
45.384767	45.438934	76
45.641017	45.791017	91
45.884767	46.213934	91
45.899350	46.363934	86
46.149350	47.599350	69
46.407684	46.997267	91
46.407684	47.084767	84
46.670184	46.866017	72
46.903517	47.147267	76
47.166017	47.418100	81
47.409767	47.699350	84
47.672267	47.976434	86
47.918100	48.182684	88
48.170184	49.309767	65
48.191017	48.432684	91
48.420184	48.645184	93
48.691017	48.949350	91
48.926434	49.168100	88
48.928517	49.132684	69
49.195184	49.403517	72
49.195184	49.455600	91
49.445184	49.559767	88
49.468100	49.638934	77
49.707684	49.816017	88
49.961850	50.641017	86
50.209767	51.103517	67
50.466017	50.659767	71
50.720184	51.007684	74
50.949350	51.272267	79
51.203517	51.318100	74
51.441017	51.707684	79
51.684767	51.949350	81
51.695184	51.770184	71
51.945184	52.195184	84
52.205600	53.013934	60
52.207684	52.543100	86
52.713934	52.855600	84
52.720184	52.830600	76
52.970184	53.270184	86
52.974350	53.278517	79
53.209767	53.382684	72
53.241017	53.336850	71
53.426434	53.643100	67
53.663934	53.743100	88
53.680600	53.724350	84
53.697267	53.768100	64
53.924350	54.363934	84
53.924350	54.620184	91
54.151434	54.345184	60
54.380600	54.557684	67
54.618100	54.659767	70
54.622267	55.253517	88
55.103517	55.438934	74
55.105600	55.507684	67
55.147267	55.216017	70
55.361850	55.482684	91
55.601434	55.768100	70
55.609767	55.670184	79
55.622267	55.911850	91
55.626434	55.716017	74
55.868100	56.151434	88
56.159767	57.259767	65
56.170184	56.401434	86
56.407684	56.541017	88
56.653517	56.963934	81
56.907684	57.141017	69
57.145184	57.451434	72
57.151434	57.386850	86
57.393100	57.647267	88
57.432684	57.499350	77
57.647267	57.895184	91
57.886850	58.455600	88
58.138934	59.076434	65
58.401434	59.334767	86
58.893100	59.145184	68
59.172267	59.447267	72
59.403517	59.507684	91
59.413934	59.580600	77
59.666017	59.957684	91
59.905600	60.213934	88
60.178517	61.407684	64
60.197267	60.443100	86
60.434767	60.638934	88
60.684767	60.959767	79
60.922267	61.130600	67
61.172267	61.388934	86
61.184767	61.491017	71
61.418100	61.707684	88
61.472267	61.549350	76
61.684767	61.838934	91
61.895184	61.949350	86
61.953517	62.113934	91
62.032684	62.193100	86
62.193100	63.199350	84
62.195184	63.166017	69
62.436850	62.622267	72
62.697267	62.997267	76
62.945184	63.151434	81
63.430600	63.684767	76
63.443100	63.791017	84
63.722267	63.901434	72
63.984767	64.284767	86
64.249350	64.566017	87
64.249350	64.988934	65
64.753517	64.845184	86
65.003517	65.126434	84
65.226434	65.355600	77
65.461850	65.659767	80
65.711850	65.782684	72
65.720184	65.928517	79
65.961850	66.024350	77
66.213934	67.170184	55
66.230600	66.411850	80
66.245184	66.409767	77
66.743100	66.951434	68
66.997267	67.182684	62
67.249350	67.776434	67
67.507684	67.597267	62
67.751434	67.841017	65
68.049350	68.857684	48
68.149350	68.530600	55
68.224350	68.797267	60
68.278517	68.813934	64
68.780600	68.863934	67
69.078517	69.795184	48
69.095184	69.328517	64
69.195184	69.359767	67
69.203517	69.803517	55
69.220184	69.788934	60
69.291017	69.680600	72
69.782684	69.918100	71
69.801434	69.895184	64
70.051434	70.401434	72
70.057684	70.455600	64
70.297267	70.491017	60
70.299350	70.488934	48
70.513934	70.680600	55
70.805600	70.888934	48
71.307684	71.505600	36
71.338934	71.570184	48
71.578517	71.849350	62
71.824350	72.047267	60
72.076434	72.397267	57
72.345184	73.118100	45
72.361850	72.774350	60
72.876434	72.991017	60
72.901434	72.988934	52
73.136850	73.307684	57
73.380600	73.882684	43
73.418100	73.738934	60
73.874350	73.938934	52
73.895184	74.080600	60
74.168100	74.341017	57
74.405600	75.878517	41
74.416017	74.670184	60
74.674350	75.016017	64
74.928517	75.145184	48
75.161850	75.434767	60
75.407684	75.661850	53
75.655600	75.751434	60
75.909767	76.101434	60
75.932684	75.991017	48
76.132684	76.407684	59
76.391017	77.966017	40
76.405600	76.738934	60
76.430600	76.778517	55
76.909767	77.070184	60
76.918100	77.151434	48
76.924350	77.024350	55
77.153517	77.274350	55
77.199350	77.332684	52
77.430600	77.749350	60
77.432684	77.780600	55
77.670184	77.943100	52
77.916017	78.051434	55
77.926434	78.124350	64
77.982684	78.045184	48
78.278517	78.722267	38
78.291017	78.472267	55
78.349350	78.786850	50
78.416017	78.676434	62
78.699350	78.855600	60
79.151434	79.684767	60
79.413934	79.801434	50
79.899350	80.159767	60
79.911850	79.980600	53
80.151434	80.338934	62
80.393100	81.274350	41
80.403517	80.622267	60
80.405600	80.661850	64
80.905600	81.118100	64
80.916017	81.061850	60
80.930600	81.207684	48
81.141017	81.334767	62
81.409767	81.584767	64
81.486850	81.555600	65
81.878517	82.091017	64
82.124350	82.472267	62
82.359767	83.361850	43
82.386850	82.913934	64
82.861850	83.186850	50
83.120184	83.632684	62
83.370184	83.488934	55
83.609767	83.701434	50
83.845184	84.020184	60
84.080600	84.201434	59
84.347267	85.128517	48
84.359767	84.603517	59
84.591017	84.688934	60
84.832684	85.130600	55
85.074350	85.395184	64
85.349350	85.455600	60
85.524350	85.709767	55
85.761850	85.895184	67
86.049350	87.870184	48
86.105600	86.480600	64
86.176434	86.434767	67
86.188934	86.288934	55
86.199350	86.730600	60
86.266017	86.743100	72
86.709767	87.105600	55
87.197267	87.718100	60
87.482684	87.749350	74
87.738934	87.974350	72
87.978517	88.311850	69
88.226434	88.911850	45
88.286850	88.599350	72
88.505600	88.820184	52
88.757684	88.859767	57
89.011850	89.286850	69
89.253517	89.476434	43
89.297267	89.520184	72
89.545184	89.859767	52
89.793100	89.849350	60
90.057944	90.409767	69
90.309767	90.622267	41
90.366017	91.270184	72
90.601434	90.676434	48
90.849350	90.926434	57
91.126434	91.384767	60
91.136850	91.697267	53
91.384767	91.711850	57
91.628517	91.693100	65
91.636850	91.903517	74
91.893100	92.097267	72
92.124350	92.388934	69
92.368100	93.107684	52
92.405600	92.716017	67
92.670184	92.938934	60
92.924350	93.149350	67
92.938934	93.053517	64
93.168100	93.211850	60
93.413934	94.097267	50
93.443100	93.866017	67
93.728517	93.951434	57
93.982684	94.049350	62
93.982684	94.241017	65
94.234767	94.305600	64
94.507684	95.349350	43
94.522267	94.978517	64
94.788934	95.276434	50
95.036850	95.251434	53
95.299350	95.445184	62
95.301434	95.386850	57
95.849350	96.274350	43
95.857684	96.216017	55
95.876434	96.024350	50
96.113934	96.330600	59
96.113934	96.505600	62
96.657684	97.745184	40
96.668100	97.268100	62
96.672267	97.263934	52
96.672267	97.282684	59
97.182684	97.534767	47
97.466017	97.747267	67
97.476434	97.730600	62
97.482684	97.747267	59
97.743100	97.791017	52
98.228517	98.288934	46
98.238934	98.684767	65
98.255600	98.301434	53
98.751434	99.628517	45
98.753517	99.651434	52
98.761850	99.272267	60
98.763934	99.251434	64
99.286850	99.649350	57
99.553517	99.809767	64
99.559767	99.870184	60
100.355600	100.432684	62
100.359767	100.424350	55
100.366017	100.445184	43
100.366017	100.463934	59
100.368100	100.441017	52
100.884767	101.555600	60
100.891017	101.576434	57
100.895184	101.555600	53
100.911850	101.534767	41
100.918100	101.551434	48
101.778517	102.461850	41
101.855600	102.209767	48
101.938934	102.543100	59
101.982684	102.351434	55
101.982684	102.613934	62
102.970184	103.538934	36
103.009767	104.076434	60
103.493100	103.555600	43
104.009767	104.332684	55
104.026434	104.472267	48
104.495184	104.632684	52
104.822267	106.268100	48
104.903517	105.845184	55
104.993100	105.174350	64
104.993100	105.791017	60
105.070184	105.420184	67
105.982684	106.147267	72
106.051434	106.207684	76
106.120184	106.280600	84
